"Pathway"	"S1"	"S2"	"S3"	"S4"	"S5"	"S6"	"S7"	"S8"	"S9"	"S10"	"S11"	"S12"	"S13"	"S14"
"ko00010"	73752.554004329	80671.4158008658	59837.9497474747	68826.3973845599	70202.3846681097	72295.7945887446	56460.2528439153	80475.2789321789	76672.0739357864	97989.7351731602	91955.0684343434	84634.0688311688	43659.5743145743	40848.3004329004
"ko00020"	58902.9832972583	60617.0112012987	47681.9772546898	53679.1428751804	57938.0989177489	57008.6935606061	44429.6151936027	59670.0343795094	57104.774512987	73822.9347402597	73967.8837121212	69711.0444805195	34206.7607142857	30308.4058802309
"ko00030"	55053.8341630592	60477.5162698413	44072.9383116883	51379.1326479076	53282.6657647908	53025.4679473304	39325.4041005291	58409.8993145743	55121.4161976912	72752.1812409812	68870.2909090909	64127.6015512266	31632.4926767677	30465.0437229437
"ko00040"	26020.2443001443	23809.0406565657	20962.719047619	26565.4147907648	28200.5182539683	25981.65	19070.1933621934	17514.7914862915	19542.5944083694	30046.1891414141	33766.8325757576	32924.5936507936	14939.9388708514	12541.5817460317
"ko00051"	41398.9924603175	36130.1371933622	33771.6704365079	37457.9936327561	42275.996969697	38406.130501443	29388.0467111592	31951.8581890332	34263.379004329	46518.4327922078	51635.0698051948	49532.0267676768	23226.7651695527	19785.0230519481
"ko00052"	28674.9962121212	35246.460479798	22838.5406385281	30200.6168831169	26796.3535714286	27177.843452381	21817.1258417508	32350.0773448773	30662.9885642136	42612.0937590188	37266.1579545455	32871.2813492064	16566.3645021645	17028.569047619
"ko00053"	14663.7768037518	21187.4458513709	11193.7536435786	13933.3713383838	13665.8774170274	14473.5831709957	10354.6150252525	21612.861038961	18541.1856601732	22885.8073953824	18018.0070707071	16207.3850649351	8560.37687590187	10152.263997114
"ko00061"	45707.2560606061	50694.9417748918	36033.899025974	43994.5618326118	46274.7423881674	47044.845959596	33766.0337782588	50387.0378427128	46936.1606782107	60834.6817460317	58610.2797979798	54647.2001082251	26382.3452741703	26372.6406565657
"ko00062"	30.3611111111111	11.7333333333333	25.7777777777778	20.8222222222222	16.3388888888889	19.9833333333333	14.2777777777778	6.36111111111111	37.2833333333333	34.9166666666667	51.5	36.375	6.16666666666667	5
"ko00071"	36282.8590548341	47697.0874098124	29514.0418650794	33866.0284992785	35043.5295454545	41510.4388708514	27865.3468374218	51402.5176767677	45766.4771464646	53857.8190836941	45471.7235930736	42192.8705627706	23616.4807720058	24050.0223665224
"ko00072"	14340.3199134199	19196.9081349206	11732.4640512266	13156.49745671	13944.1352453102	15431.6937770563	11163.0392195767	19069.6762626263	17517.5824494949	21541.4623737374	17427.650523088	16654.5084415584	9836.05268759019	9314.78351370851
"ko00073"	12.5833333333333	92.9583333333333	2.375	2.95833333333333	0.333333333333333	0.125	3.33333333333333	58.1666666666667	55.3333333333333	34.875	6.58333333333333	2.54166666666667	1.5	12.375
"ko00100"	254.331746031746	122.402525252525	220.411111111111	203.869624819625	312.389285714286	419.304563492063	183.565476190476	34.0397907647908	178.37619047619	238.539790764791	422.686616161616	311.238888888889	110.036688311688	61.8630952380952
"ko00120"	421.277056277056	675.853535353535	467.160858585859	607.926388888889	688.388636363636	1081.1553030303	373.723827561328	268.295075757576	527.102290764791	748.991666666667	625.683838383838	811.686688311688	343.064826839827	324.524242424242
"ko00121"	245.858333333333	376.225	262.7875	340.8	484.448412698413	811.667658730159	218.514357864358	166.36369047619	297.689484126984	406.108333333333	340.243181818182	465.020238095238	222.658333333333	212.17380952381
"ko00130"	25217.1417027417	26693.807521645	19966.8699134199	21598.4384559885	24968.4887445887	24238.1948953824	16784.3704665705	30332.6550505051	26653.5569444444	33424.7585137085	31221.3907828283	30369.9283910534	13237.2720598846	13671.5122655123
"ko00140"	1979.28232323232	1756.68371212121	1812.75833333333	2086.07664141414	2374.79880952381	2902.5255952381	1893.10441919192	512.856601731602	1398.48766233766	2183.90606060606	2517.0375	2773.68492063492	1535.5619047619	801.235714285714
"ko00190"	113499.512734488	122202.059307359	90449.7177669553	102584.031944444	111544.994480519	109193.154996392	77435.0452801828	125608.810894661	114660.791125541	147688.892207792	145377.859126984	138579.586652237	62397.2084415584	60524.565981241
"ko00195"	16766.2726551227	19986.9167027417	12871.0410714286	16768.396969697	17469.2223304473	19343.0856240981	12491.4922318422	19860.1589105339	18101.749549062	23799.7683261183	22401.5904040404	21418.3964646465	9678.27178932179	9744.27929292929
"ko00196"	0	0	0	0	8.5	0	0	0	0	0	0	21.25	0	0
"ko00220"	40133.507034632	41266.3613275613	32947.9163780664	35234.5156204906	38528.959018759	36912.2324314574	27421.6911255411	40542.4361652237	38594.7021284271	49554.346031746	49695.5910533911	46632.6848845599	22152.1014790765	21798.6218975469
"ko00230"	140050.739718615	161786.969101732	112848.592712843	125754.797113997	133573.884271284	130084.143398268	94707.9501443001	177968.393398268	156636.200342713	194518.828102453	174899.871626984	164527.354545455	74748.1926046176	81551.1135281385
"ko00232"	771.605303030303	342.752777777778	650.07196969697	733.294949494949	924.59696969697	666.134866522367	488.811111111111	145.287878787879	340.769696969697	454.380555555556	1001.59343434343	1071.70732323232	370.39816017316	213.609956709957
"ko00240"	103240.666702742	113442.672366522	82600.2336399711	90165.1020562771	98470.9256493507	93316.6988636364	68897.6648989899	130382.101479076	113010.626569264	138612.244660895	128026.052272727	121305.600613276	53826.3269119769	57439.6332972583
"ko00250"	63370.3424963925	65277.998989899	51237.0511002886	54183.8168470418	60913.9896825397	58315.510515873	42721.8461519961	68867.1155483405	63086.7061507937	79220.5646825397	78523.9718253968	73997.201984127	34996.2368145743	33304.2797619048
"ko00253"	706.5	127.6	588.616666666667	524.377777777778	878.486904761905	629.921031746032	569.672222222222	66.05	221.666666666667	201.661111111111	987.333333333333	982.95	328.833333333333	125.197619047619
"ko00260"	78704.5518759019	86873.7197510822	63047.595544733	72869.8117424242	75366.5661616162	73277.3242965368	55579.0917929293	90291.0184523809	82386.2523989899	103426.230844156	100067.141035354	91654.5142496393	43984.4922438672	45999.0076118326
"ko00261"	20578.1946608947	21725.6333152958	16561.7360209235	18820.2307900433	20534.5874458874	20928.3158189033	14427.4746212121	23291.9674062049	21214.7603715729	26391.153030303	26194.7993686869	24714.9827200577	11521.7609126984	11490.4611471861
"ko00270"	71904.6927128427	73190.4246031746	57077.1534271284	61096.026461039	70763.048015873	67978.6621031746	47059.983519721	83319.6330988456	74430.3315836941	90143.952994228	90454.3774170274	85878.1063492064	39834.1713744589	37458.5611111111
"ko00280"	59548.330988456	73706.985966811	49286.0550865801	57778.7648809524	57416.9305194805	62809.7973845599	47106.6163961039	71288.0291486292	66309.4612373737	84066.8544011544	75707.9074675325	69350.8482683983	37971.3011544012	36730.2427489177
"ko00281"	8825.61843434343	11462.0088744589	7540.44291125541	8929.3492965368	8658.1968975469	11076.6645562771	8016.45031866282	10174.7710678211	10419.017965368	13049.8217532468	11207.8723665224	10223.7903679654	6160.48652597403	6055.9395021645
"ko00290"	37320.741955267	43922.8802849928	31514.462950938	34463.3715548341	36243.2155844156	36222.4132034632	26492.7680555556	41828.4353896104	38556.5610750361	49658.0261183261	46794.7675505051	44542.6420995671	21980.192478355	21130.3376262626
"ko00300"	32621.8143939394	36942.795959596	26756.4771464646	30269.6131854257	31358.8133116883	30859.8464466089	23098.0070406445	37282.3269300144	34392.7745310245	44676.7867604618	41092.8689393939	38716.7199134199	18109.9316197691	18747.1946969697
"ko00310"	25782.8148629149	35221.7016414141	21689.9196789322	25574.4353715729	24894.1028860029	30540.2733225108	20767.8371993747	33882.1996392496	32146.2978174603	40527.7718253968	32516.2826298701	29823.4984487735	16707.4573232323	17862.0852453102
"ko00311"	4018.52965367965	3910.87546897547	3188.20524891775	4096.36246392496	3919.83784271284	3465.28665223665	3065.31466450216	3457.87824675325	3447.43906926407	5077.93423520924	5627.10429292929	4900.8977994228	2271.4012987013	1861.73416305916
"ko00330"	49728.0557359307	55346.6337301587	39135.4591630592	45139.3303030303	46651.9691197691	48916.4891594517	37285.5562530063	62496.9492965368	55062.1544372294	66881.5958513708	62530.5007936508	55783.6403679654	30660.6901875902	30018.9652958153
"ko00331"	0	0	0.666666666666667	0	0.666666666666667	0	0	0	0	0	0	0	0	1.33333333333333
"ko00332"	2278.84989177489	4516.38416305916	1793.43971861472	2740.07182539683	2027.30227272727	2887.58044733045	2041.39068061568	4792.70916305916	3960.00328282828	5224.10916305916	3006.10580808081	2639.74044011544	1462.65081168831	2107.22626262626
"ko00340"	34658.9445165945	42710.2780122655	26892.5950937951	31382.4306277056	31571.8282467532	32258.872492785	25156.7691077441	50875.3968975469	42604.0288780664	50956.3102453102	42905.185479798	38367.3848124098	19109.13001443	21812.2351370851
"ko00350"	31110.4665945166	38465.4513167388	25597.2466089466	28286.4314935065	28890.2268037518	28894.3948593074	20836.3906806157	37305.0098665224	34052.1601551227	42775.3814935065	38392.5509920635	35396.1191197691	18266.1182720058	18576.3625541126
"ko00360"	40866.6700937951	58701.986002886	32370.8058261183	39865.3915223665	34898.5617243867	40083.7728354978	33266.1306277056	62176.0499278499	53909.8342893218	67061.1524531024	50003.4623737374	42677.4611832612	25941.8497835498	27526.5407287157
"ko00361"	11078.987987013	13972.8380772006	9470.35178571429	9956.04926046176	10170.9039321789	10418.783495671	7524.58343554594	12442.7337301587	12174.1231782107	14862.6355339105	13360.4657828283	12377.5367604618	6846.12193362193	6181.9733044733
"ko00362"	42749.0840909091	58710.4182178932	34663.7986111111	38835.3983405483	39498.8401875902	45079.6294733045	31837.5087662338	60708.3451118326	54348.6485750361	62438.2158730159	51369.4417748918	47991.7075757576	28078.27252886	27606.793975469
"ko00363"	65.25	81.6222222222222	75.2888888888889	66.2722222222222	104.834920634921	167.672420634921	46.0694444444444	17.6555555555556	63.0222222222222	92.5333333333333	92.9083333333333	135.802777777778	100.066666666667	41.4738095238095
"ko00364"	6004.04433621934	9117.80643939394	5158.02974386724	5317.16204906205	4990.34383116883	5564.58351370851	3949.54628427128	8331.55295815296	7689.29375901876	9421.06785714286	6901.45012626263	6388.58564213564	3633.64045815296	4030.63704906205
"ko00365"	364.224242424242	461.765277777778	521.172727272727	349.834722222222	681.167135642136	1302.11435786436	224.420328282828	47.9679292929293	360.860606060606	511.3	474.428661616162	676.975685425685	592.581818181818	269.802597402597
"ko00380"	34882.9716450216	46272.5599747475	27858.9217171717	33372.7124098124	33406.1545093795	38887.8533189033	26883.7813011063	50133.8823051948	44326.7430555556	52821.8960678211	44224.0459054834	39699.1763708514	22691.5678391053	23025.0690836941
"ko00400"	45970.403968254	51529.4170093795	36847.4470959596	41602.8012265512	44078.2722582973	43647.8944805195	31634.9781144781	54141.7161075036	48720.3186147186	62590.9990981241	57922.7839646465	54834.1878427128	24786.7650613276	25838.063997114
"ko00401"	9584.81424963925	11365.8522727273	7412.03073593074	8413.82132034632	8786.10995670996	8488.0295995671	6121.49642857143	13019.19745671	11015.290007215	13678.9090548341	12113.0146464646	11064.1398268398	5006.05910894661	5365.83066378066
"ko00404"	2083.87341269841	3586.10357142857	1172.5873015873	1741.14047619048	2209.99642857143	2055.49246031746	1098.78174603175	6474.59365079365	4216.19444444444	4241.0869047619	2715.79166666667	2420.43611111111	1114.7748015873	1878.73333333333
"ko00405"	4726.79675324675	5221.46957070707	3940.70247113997	4402.70229076479	4685.94343434343	4948.32398989899	3238.09992183742	5042.97698412698	4674.42133838384	6304.5794011544	6090.84305555556	5831.39397546898	2665.86661255411	2660.33189033189
"ko00410"	24485.0887806638	32733.3058982684	19410.9234487735	22331.2113095238	23441.9101370851	27991.4869227994	18526.0187289562	38799.8161075036	32601.3806637807	36966.5686147186	30278.393452381	27653.4528499278	15155.3077922078	16965.5391414141
"ko00430"	14573.7892857143	15116.0289321789	11031.3243326118	12716.035966811	14784.578030303	14377.7038239538	9912.15258537759	17649.0320526696	15496.1323051948	17694.1920995671	18363.8351010101	17351.449025974	8557.28035714286	7975.12774170274
"ko00440"	5429.4009018759	7111.62308802309	4848.91664862915	6474.6347041847	5733.56096681097	6323.30402236652	3914.58767436267	3844.02523448773	4708.11913780664	7626.28174603175	7619.04343434343	7010.5652958153	3686.23645382395	3529.35075757576
"ko00450"	30740.7272727273	29367.2499098124	24499.2193362193	26220.8971681097	31685.4854617605	31226.7584776335	20350.715482203	31295.9956890332	29062.9902236652	35403.2335497836	38726.1920454545	37804.0612914863	17420.6709235209	14752.3028138528
"ko00460"	17412.6616161616	17583.3962842713	13573.1455627706	17272.2206529582	17320.9973304473	16167.36002886	12775.8926948052	14613.8579004329	14841.5759559885	21076.475036075	23002.3366161616	20937.1476551227	10352.5941738817	8859.41341991342
"ko00471"	8363.38813131313	10076.0286796537	6667.94411976912	7407.27175324675	7166.29913419913	6983.37770562771	5969.39517797018	11180.1416125541	9740.97723665224	12528.6576839827	10154.9646103896	8983.56002886003	4510.52088744589	5066.02359307359
"ko00472"	701.4556998557	1297.18522727273	606.354545454545	933.495256132756	602.807287157287	758.259668109668	618.939195526695	501.855573593074	669.078391053391	1305.49534632035	1006.44532828283	802.94025974026	438.551515151515	623.209163059163
"ko00473"	5929.02702020202	7070.8159992785	4570.393001443	5656.09496753247	5700.13455988456	5917.57384559885	4462.73954425204	7283.83771645022	6703.95912698413	8285.72572150072	7627.33497474747	6791.00728715729	3508.07438672439	3369.48423520924
"ko00480"	31241.4244949495	47316.1523268398	24386.3448412698	29878.6850468975	29542.3606782107	33033.3426226551	20869.5293590669	53431.8523088023	44428.0277777778	53050.4865800866	39674.4016414141	36196.6891414141	18687.1744408369	23032.4967171717
"ko00500"	40148.816955267	45456.2463564214	32251.7392316017	43805.0176226551	41129.4431096681	44169.1881493507	31280.4595779221	36536.2770923521	39217.3789321789	58702.7699494949	53787.7141414141	49190.574025974	24099.4937409812	23270.1769480519
"ko00510"	3219.27777777778	1053.97876984127	2979.84722222222	2102.26666666667	3345.83412698413	2615.475	1707.15833333333	383.755158730159	1241.45734126984	1863.21111111111	3823.35845959596	4142.85357142857	1495.20119047619	708.523412698413
"ko00511"	6311.84393939394	8090.68091630592	5162.32474747475	8893.97386363636	6144.43943001443	7004.41502525253	6198.53901515151	5747.04983766234	5650.07068903319	12767.0392857143	9574.78838383838	8170.73986291486	3891.11282467532	3412.7547979798
"ko00513"	911.891666666667	1356.42658730159	887.291666666667	1387.66111111111	810.574206349206	1046.84365079365	972.733333333333	814.804761904762	805.839682539682	2345.73531746032	1371.82777777778	1090.63095238095	525.407738095238	596.491666666667
"ko00520"	79291.3129148629	85716.3542207792	60246.6548881674	71322.9077020202	77684.5856421356	75724.0477453103	53250.7856000481	96297.8695707071	84410.5955627706	104370.715512266	101184.110209235	93703.0032828283	43835.4718975469	43227.0021645022
"ko00521"	20860.1818903319	25299.3433982684	16482.1410533911	20662.2881673882	19354.9908730159	19496.6998015873	16012.2387686388	27429.1109848485	24109.9851370851	30472.3075036075	26610.5525252525	23884.8488095238	11416.9363997114	12654.7071428571
"ko00523"	9820.3522005772	12364.8893759019	7788.23692279942	10612.4574314574	9454.67637085137	9360.17775974026	7967.81691919192	11741.196482684	10724.4668831169	14794.6385281385	13054.5215909091	11740.3646103896	5266.48430735931	5845.32077922078
"ko00524"	3335.03308080808	3747.45645743146	2421.49981962482	3094.41966089466	3178.41482683983	3134.40351731602	2555.74597162097	4333.61549422799	3751.69711399711	4448.72709235209	4183.55656565657	3749.5231962482	2017.93306277056	1872.65717893218
"ko00525"	4857.936002886	5399.65045093795	3929.24691558442	5226.25856782107	4595.38203463203	4472.72647907648	4024.66358225108	5225.63724747475	4930.95564574315	6998.08484848485	6540.93017676768	5737.14202741703	2684.56497113997	2647.24967532468
"ko00531"	3051.2183982684	4305.52738095238	2536.08728354978	3946.19137806638	2921.84022366522	3699.42931096681	3068.74087301587	3457.66664862915	3314.30838744589	5830.74365079365	4303.64621212121	3576.5724025974	2141.61482683983	2047.80003607504
"ko00532"	2	0	0	0	4.5	0	0	0	0	2	1.5	0	0	0
"ko00534"	2	0	0	0	4	0	0	0	0	2	0	0	0	0
"ko00540"	31611.0222943723	36742.1253968254	22162.250974026	26371.3035714286	32218.3445887446	30426.4836760462	18126.0691558442	45754.9247474747	35705.3211399711	42451.5678571429	39964.7045454545	39139.0216089466	15815.2406204906	18131.2567821068
"ko00550"	37931.7207070707	45836.7268759019	29320.8134018759	37260.721031746	36526.5506132756	37719.5335497835	28821.4911976912	48573.6216089466	43068.6129329004	55532.7916666667	48684.433982684	44700.2076118326	21390.358008658	22393.6998556999
"ko00561"	20777.7536075036	25067.6937590188	16126.4868145743	20288.1031385281	19870.040981241	21298.3741161616	16205.6786556037	27160.0491161616	23990.0991161616	29408.2782106782	26745.4580808081	23967.7857503607	11928.4741522367	12918.0158008658
"ko00562"	15926.2986291486	22989.1861471861	12236.663510101	14421.4840367965	12745.9802669553	13918.8153860029	11882.7482263107	31405.3427308802	24298.7978354978	27446.4875180375	18836.7952020202	15593.9464646465	8835.38448773449	11718.0983405483
"ko00563"	0.75	0.5	1.75	2.5	12.5	3.75	0.5	0.75	0.75	0	3.5	3.25	0.25	0
"ko00564"	41860.6051226551	47622.1798340548	31650.7787157287	38087.0874098124	41596.9073953824	40255.0423160173	28195.0986531987	53068.3897907648	45785.1533189033	55911.5406926407	53261.3156204906	50251.0589466089	22585.6626443001	23706.0313131313
"ko00565"	1874.33055555556	4102.29484126984	1302.79880952381	1521.5123015873	1157.30079365079	1753.4128968254	1433.30761183261	6331.62658730159	4451.1626984127	4689.83293650794	2018.35984848485	1349.16388888889	1188.58392857143	1727.84642857143
"ko00590"	2032.70299422799	4943.9968975469	1249.45032467532	2147.71688311688	1469.67806637807	1851.98064574315	1285.1186988937	7172.44053030303	4951.96544011544	5668.64613997114	2501.78333333333	1999.94917027417	949.793127705628	2294.38499278499
"ko00591"	614.110714285714	1816.57261904762	390.786111111111	867.097222222222	417.955158730159	417.180753968254	534.383333333333	2760.30873015873	1854.97936507936	2220.05714285714	762.325	618.461111111111	158.925	707.142857142857
"ko00592"	2610.67128427128	4214.55203823954	1891.81038961039	2666.83995310245	1818.34722222222	1786.27242063492	1997.42062890813	5775.20854978355	4337.52348484849	4772.73672438672	3222.93244949495	2444.33174603175	1168.25216450216	1988.4373015873
"ko00600"	5175.87070707071	6090.69841269841	4391.55505050505	6384.84154040404	4742.22846320346	6049.39354256854	5216.00926527176	4347.63524531025	5068.87104978355	8696.48611111111	7264.54671717172	5992.145995671	3839.03495670996	2731.05642135642
"ko00603"	2222.18661616162	2586.99090909091	1939.78888888889	3141.74962121212	2187.57142857143	2821.08273809524	2455.1390993266	1258.68268398268	1646.63897907648	4217.73849206349	3343.6898989899	2594.14444444444	1679.11801948052	1204.0876984127
"ko00604"	611.516666666667	1242.96825396825	532.541666666667	1267.25833333333	587.796428571429	975.510317460317	848.552777777778	782.638095238095	678.673015873016	2122.23531746032	1071.35555555556	741.547619047619	433.324404761905	549.158333333333
"ko00620"	86795.9833694084	98833.2188672439	69803.748502886	79865.9971320346	84542.5427128427	86994.6849747475	65622.2209415584	98797.6169191919	92612.9828282828	115579.926154401	108333.056746032	101518.842676768	51901.5677128427	49113.3555194805
"ko00621"	4520.14797979798	7186.33441558442	3893.86237373737	4065.22871572872	3490.06392496392	4716.68952020202	3928.65650553151	8584.00983044733	7276.97806637807	7764.49217171717	5174.17146464646	4411.34657287157	3436.86875901876	3195.48621933622
"ko00622"	7515.93665223665	11436.3145743146	6211.1012987013	6022.78012265512	5285.51233766234	6046.23118686869	5808.74461279461	13802.2287157287	11705.5707070707	12616.7482323232	8047.70176767677	6951.22474747475	5047.95165945166	5152.83621933622
"ko00623"	5924.75689033189	8931.92344877345	5077.51378066378	5381.85629509379	5034.30663780664	5797.84770923521	3989.00532106782	8193.98207070707	7662.27469336219	9353.48095238095	7127.86338383838	6551.39123376623	3517.49612193362	3806.26554834055
"ko00624"	5611.72687590188	6774.61944444444	4961.30732323232	5369.87593795094	6585.87994227994	7355.67458513709	3291.81017316017	4379.55645743146	4593.57233044733	5561.91428571429	7182.26818181818	7759.52532467532	3398.05692640693	2842.91482683983
"ko00625"	17570.4561688312	18139.225036075	14279.2294372294	15181.229004329	17832.8730519481	17938.8764249639	11566.3154280904	17908.0703823954	17192.5454906205	19810.4091991342	21549.5181818182	20816.3767316017	10355.6772366522	9570.07312409812
"ko00626"	6654.57236652237	7847.56109307359	5935.87364718615	5873.71060606061	6733.31857864358	7071.26699134199	4225.66333573834	5385.15703463203	5870.50447330447	7623.73870851371	8102.38775252525	8203.46121933622	4069.41056998557	3346.55930735931
"ko00627"	18115.2839466089	25663.3724025974	15436.6973665224	17500.7962121212	16509.8439033189	19674.0327922078	13594.469011544	22668.8547438672	21666.9966450216	27433.0975468975	22041.6921717172	20338.0478354978	12307.2437770563	12203.4801226551
"ko00630"	84124.40501443	103466.351966089	67669.2622835498	78721.9287157287	79848.5991341991	81015.5040945166	60751.0396344396	110228.472564935	97770.7297979798	117295.145923521	105928.643849206	96852.9655844156	49072.99004329	52239.2660533911
"ko00633"	9080.52792207792	8351.1783008658	9057.06818181818	9775.62994227994	11125.5558802309	14637.7634199134	8082.30738335738	2297.67168109668	5999.52963564214	9401.02817460317	11531.6241161616	12439.5282828283	7370.42151875902	4053.60375180375
"ko00640"	59918.4844155844	76016.4900252525	49459.3982323232	57563.4977272727	57764.3757215007	64629.925523088	46514.0271404521	74886.3335137085	69581.1849025974	87179.1123376623	75773.0650974026	69754.0743145743	37912.5379148629	37700.6565295815
"ko00642"	3066.89152236652	3525.50779220779	2460.3840007215	2773.62467532468	2289.79880952381	2217.27738095238	2706.08312890813	3952.19188311688	3449.02765151515	4186.3641053391	3615.10883838384	2938.55753968254	1698.68430735931	1689.68452380952
"ko00643"	12771.0378427128	13367.128968254	10648.0520382395	11750.5302128427	12094.0112193362	12221.5447510823	9229.06918590669	11662.8135642136	12146.055952381	15115.7637085137	15588.698989899	14351.2159090909	8407.0468975469	7332.11421356421
"ko00650"	65302.7965007215	76317.8171356421	54232.9655663781	58073.8503968254	64524.2861111111	68323.5408730159	47279.6250841751	74527.2053030303	70472.5569805195	86894.4824314574	80725.6874098124	77589.4988095238	40817.2910894661	37230.9551587302
"ko00660"	20537.2277777778	26857.0839646465	17877.1963924964	19738.3407106782	19681.3408730159	21096.4926587302	14977.5876924002	25144.0298701299	23226.9922077922	29952.642027417	26120.0925505051	24740.2718253968	12464.6712121212	12444.8365079365
"ko00670"	24789.4890692641	31663.0666125541	19617.9497655123	23892.3671536797	23532.0069264069	24886.6610930736	17957.8828222703	35465.3577922078	30445.8462301587	37806.8294733045	31586.5443542569	29428.961038961	13673.6112554113	16149.146969697
"ko00680"	66334.1787157287	72673.5607683983	56798.5414502164	61055.9791486292	64178.1403318903	66611.8312049062	48499.1125300625	67904.0518759019	67319.7026515152	85534.4822510823	82348.3698232323	77924.8938672439	39497.7691738817	35829.7860750361
"ko00710"	30572.4754689755	34231.3926046176	24810.4382756133	29344.237049062	30188.9549062049	30761.6983585859	22432.5523088023	32334.8696067821	31246.11497114	42568.2432900433	38841.0797979798	36904.7644660895	17803.3929292929	17036.5869408369
"ko00720"	79575.9357503607	77566.935515873	67020.9108225108	71082.8857864358	81358.3638167388	83054.7300865801	57368.3159211159	71077.6398629149	72462.0179473304	93490.1520562771	99828.1078823954	97792.0596320346	47491.4698593074	38951.9275613276
"ko00730"	24299.5270923521	28352.0517857143	19037.0204545455	22047.0128787879	23557.7141774892	22173.394534632	16997.6794252044	32288.6965548341	27894.6998737374	34204.9796897547	30276.5412878788	28777.8448051948	13279.1610209235	14133.1472943723
"ko00740"	15617.9538600289	21412.7455988456	12373.9368506494	13587.9396464646	13231.9502525253	13500.919498557	10684.6029100529	25803.679455267	20969.3112012987	25139.9872655123	18538.5654040404	16905.8585497835	8202.31053391053	10626.3590909091
"ko00750"	12373.7737734488	14108.4202922078	10094.9833874459	11820.9390873016	12079.0444083694	12012.6233766234	9015.28799302549	14589.5865981241	13190.6899170274	17147.4236652237	15666.7306818182	14742.1645382395	6827.64745670996	7541.41536796537
"ko00760"	36735.9441558442	47565.5212842713	29624.9046176046	34292.9296897547	34522.1042568543	37028.5272727273	25494.7662938913	50279.0422438672	44148.4951298701	54609.4695526696	45148.6492063492	41982.7781385281	20237.5616883117	23429.4643578644
"ko00770"	39540.4825036075	46828.8207070707	32632.9521464646	36517.7144300144	38536.0953463203	40328.5693542569	28481.7095358345	48479.5399350649	44052.7483946609	55770.9067099567	49091.2477272727	46757.3563852814	23063.130465368	23433.1542929293
"ko00780"	32587.6852092352	36830.3552128427	25891.7009018759	30104.8573232323	32759.5317099567	34410.3410353535	23894.4443001443	37712.8809163059	34295.6387987013	43677.4238095238	41170.386489899	38927.6443001443	18807.418452381	19514.1947330447
"ko00785"	4017.10266955267	4917.46996753247	3096.36686507937	4137.96589105339	3994.67132034632	4330.15266955267	3080.39893578644	5009.41372655123	4562.2928030303	5946.88961038961	5286.14987373737	4870.41028138528	2267.47106782107	2417.3095959596
"ko00790"	37385.4252525253	48145.0056818182	28692.8759379509	34094.5740440115	35275.7465728716	36431.1683982684	25583.9418771044	56098.9007936508	46719.6638888889	56781.7875541126	47028.9145923521	43877.1890692641	20208.0967352092	23912.7690836941
"ko00791"	3988.89173881674	6771.93405483405	3492.73207070707	3831.27056277056	3206.63881673882	3807.25211038961	2697.76987734488	7394.25501443001	6300.01053391053	7306.65753968254	4611.57803030303	4176.41677489178	2177.95836940837	3363.50652958153
"ko00830"	5129.95288600289	4459.51866883117	4432.96329365079	4147.47541486291	5252.52925685426	5055.10068542568	3108.57868566619	3997.8840007215	4205.64864718615	5178.69466089466	6166.88421717172	6383.53528138528	3013.99924242424	2373.24054834055
"ko00860"	55046.1985569986	63546.907521645	47017.6596320346	49852.3217712843	51370.1811327561	51281.7557359307	38100.9967111592	61148.248051948	57928.0275974026	75327.1408008658	68686.5342532467	64037.143975469	30048.1202741703	32834.6156204906
"ko00900"	28891.9624098124	35147.2707792208	23761.5216269841	27082.3475108225	27979.5334776335	30125.7227633478	21574.7357022607	35039.7457251082	32447.2503787879	42092.9873376623	36488.430988456	34613.2545454545	16745.6931096681	17215.3115440115
"ko00901"	60.8174603174603	36.7083333333333	68.0666666666667	111.108333333333	22.027380952381	61.0587301587302	61.3277777777778	4.33333333333333	36.8166666666667	66.4833333333333	93.6222222222222	47.0611111111111	92.2	25.7833333333333
"ko00902"	9.25	8.26388888888889	4	20.5833333333333	12.25	22.5833333333333	3.41666666666667	4.83333333333333	7.16666666666667	25.0833333333333	17.5277777777778	31.1666666666667	3.25	5.16666666666667
"ko00903"	8391.15811688312	11781.3471320346	7074.68214285714	8588.23634559885	8405.61515151515	11723.0056277056	7521.48505892256	11554.2698593074	10963.5340548341	13232.9857503608	10875.9560786436	9830.63441558442	5710.81329365079	6016.92561327561
"ko00906"	3162.44978354978	5463.61581890332	2833.45294011544	4276.88039321789	3192.45234487734	3325.34678932179	2782.09724025974	3252.46293290043	3693.88623737374	5976.95717893218	5221.62032828283	4398.77604617605	2094.12826479076	1932.21695526696
"ko00908"	1901.77117604618	2366.78324314574	1456.20533910534	1929.87898629149	1891.71720779221	1996.17415223665	1452.32351491101	2476.3270021645	2161.88596681097	2868.93661616162	2486.04406565657	2309.86843434343	1102.61520562771	1173.50003607504
"ko00909"	1224.86634199134	460.01994949495	1009.23308080808	973.522402597403	1268.28784271284	1150.26919191919	740.776334776335	93.8207792207792	619.726298701299	687.017568542568	1678.05782828283	1523.8601010101	686.751515151515	299.558766233766
"ko00910"	37516.2908730159	43238.1978354978	29855.198953824	32152.4259920635	36368.9307359307	36771.0618867244	24436.3279280904	50197.5823412698	43392.7818362193	50390.3075036075	45445.0936868687	43720.2090548341	21158.1906024531	23827.9433982684
"ko00920"	47436.8758297258	69418.0899891775	37253.2255772006	42998.6455627706	43708.1721139971	50268.8748917749	33476.3267195767	86753.5546176046	69839.0460137085	80006.7477633478	57655.9690656566	52777.449963925	27800.6771103896	35718.0453102453
"ko00930"	6452.57301587302	8292.21809163059	6019.95625901876	7032.74213564214	7147.52619047619	10333.3597222222	6136.237999038	5011.5961038961	6724.70126262626	9620.69484126984	8564.82956349206	8187.71984126984	5186.09801587302	4330.27658730159
"ko00940"	6785.22532467532	8784.0722041847	5484.81897546898	7852.49264069264	6233.51695526695	6996.19512987013	5588.59283309283	6917.44895382395	6966.14392135642	11471.0141053391	9224.89583333333	7882.19044011544	4352.40265151515	4014.76396103896
"ko00941"	12.2111111111111	16.2	22.6944444444444	28.6083333333333	6.34166666666667	22.1420634920635	24.9333333333333	3.61111111111111	13.0111111111111	31.5666666666667	14.3222222222222	7.19444444444444	3.66666666666667	13.1333333333333
"ko00943"	913.361111111111	105.666666666667	613.833333333333	613.416666666667	892.75	546.166666666667	539.475468975469	33.7777777777778	204.738095238095	318.25	1223.30555555556	1038.16388888889	388.25	134
"ko00944"	303.661111111111	477	316.511111111111	592.458333333333	212.75	294.25	492.088888888889	135.166666666667	277.944444444444	592.416666666667	419.880555555556	325.122222222222	264.833333333333	210.25
"ko00945"	12.2111111111111	16.2	22.6944444444444	28.6083333333333	6.34166666666667	22.1420634920635	24.9333333333333	3.61111111111111	13.0111111111111	31.5666666666667	14.3222222222222	7.19444444444444	3.66666666666667	13.1333333333333
"ko00950"	7468.0733044733	6657.52153679654	5883.12128427128	5867.64494949495	7273.31562049062	6202.10173160173	4424.0117965368	7649.15209235209	6888.25966810967	8505.75923520923	9238.18964646465	8701.29264069264	3991.56737012987	3313.55876623377
"ko00960"	9057.20450937951	10381.9530663781	6920.67022005772	8207.74758297258	8440.37186147186	8289.12523448774	5904.65951178451	11202.5643578644	9793.31433982684	12389.6070707071	11457.9431818182	10393.814033189	4779.67123015873	5073.19217171717
"ko00965"	1936.52640692641	1987.28932178932	1799.15277777778	1644.67366522367	1824.58293650794	1345.27718253968	1102.22023809524	1260.66756854257	1455.95324675325	2159.06746031746	2355.70202020202	2377.225	915.779942279942	862.894841269841
"ko00966"	2794.62893217893	4081.19801587302	2461.2066017316	2578.01212121212	2628.77478354978	2509.76387085137	1805.09795574796	3867.89238816739	3282.4974025974	4124.14891774892	3608.1952020202	3449.54357864358	1581.27297979798	1617.06681096681
"ko00970"	116061.826587302	165915.406637807	92403.0816738817	114971.753499278	107484.585425685	123802.949314574	88946.0722342472	188202.182034632	159075.565151515	191974.237445887	152474.826010101	138436.232972583	69179.9673881674	81562.7868326118
"ko00980"	12095.7659090909	19194.5476731602	10043.2131493506	11019.9452561328	11609.5306998557	13714.9850649351	7372.40354136604	20545.3637265512	17691.731475469	20636.3264069264	14913.4102272727	14050.0251803752	7949.80643939394	9304.65797258297
"ko00981"	4417.31814574315	6293.37485569986	3286.60533910534	4112.10174963925	4031.43878066378	4768.44711399711	3399.94154040404	8117.07887806638	6418.5064033189	7035.58416305916	5516.75	4778.67575757576	2531.89247835498	3248.86554834055
"ko00982"	14373.9504329004	20793.1476731602	11677.850523088	12673.9599386724	14003.3596681097	15752.6902236652	8852.97802429052	23136.0903138528	19817.1592532468	22816.7851370851	17849.1728535354	16721.3648629149	9261.02866161616	10197.4242424242
"ko00983"	14959.4632034632	16843.2308982684	12011.5782647908	13676.2716269841	13683.9321428571	13480.1896825397	10303.4072811448	20185.7795815296	17422.8683441558	21507.3686147186	18551.5965909091	16955.2329365079	7608.2836038961	8664.85238095238
"ko00984"	1987.92070707071	1444.78674242424	1854.70833333333	1593.70618686869	2805.93293650794	4185.51527777778	1615.01073232323	442.582323232323	1483.33661616162	1768.07579365079	2702.99305555556	3150.33293650794	1563.2001984127	814.940079365079
"ko01040"	20631.9924963925	22697.7468975469	16584.33997114	19765.2155122655	20821.5772727273	21990.6933441558	15295.0486772487	20625.8882575758	20065.2811688312	26566.94004329	26617.66504329	24631.8682178932	12355.5185606061	11787.7921356421
"ko01051"	3864.62691197691	5486.04298340548	3554.5137987013	4041.4273989899	3546.49292929293	4190.31336580087	3039.34164862915	3648.77036435786	4176.37408008658	6480.29931457431	4875.76628787879	4600.72132034632	2148.19745670996	2371.63751803752
"ko01052"	67.1777777777778	24.8902777777778	164.381944444444	105.148611111111	69.118253968254	189.799206349206	124.0875	10.4861111111111	155.190277777778	136.044444444444	134.420833333333	115.461111111111	13.8095238095238	32.5214285714286
"ko01053"	2179.39729437229	3520.16102092352	1536.2922979798	1896.16645021645	1638.78293650794	1936.76468253968	1865.59924242424	6531.09116161616	4694.986002886	4439.95725108225	2423.51022727273	1778.55873015873	1022.95434704185	1908.99603174603
"ko01054"	697.798484848485	1398.67536075036	482.424747474748	916.767929292929	558.704112554112	601.763636363636	627.176406926407	1546.55595238095	1097.53430735931	1633.95476190476	1011.53106060606	717.441053391053	434.193993506493	602.647655122655
"ko01055"	4605.35241702742	3270.14105339105	3653.54022366522	4296.89660894661	4749.83665223665	4332.11542207792	3529.75436507937	2895.63638167388	3209.85411255411	4450.57362914863	6101.77828282828	5580.7727994228	2453.47018398268	1869.56392496393
"ko01056"	62.4916666666667	90.0333333333333	112.925	147.475	45.5337301587302	119.086507936508	236.494444444444	45.0833333333333	114.208333333333	128.672222222222	164.916666666667	70.4333333333333	25.0892857142857	64.1083333333333
"ko01057"	698.133333333333	159.534722222222	578.041666666667	529.4375	861.192063492064	622.233333333333	424.509722222222	66.175	232.608333333333	214.761111111111	938.5375	963.575	322.47619047619	126.611904761905
"ko01059"	817.525	133.952777777778	754.708333333333	629.527777777778	964.780555555556	992.960912698413	672.305555555556	72.0416666666667	339.933333333333	382.877777777778	1221.73333333333	1089.98888888889	343.005952380952	185.622619047619
"ko01062"	1781.16013708514	2527.74384920635	1477.50003607504	1786.60943362193	1875.72741702742	2021.27067099567	1212.97281746032	2294.58367604618	2139.51219336219	2564.05804473304	2513.39608585859	2368.84498556999	1152.33533549784	1044.03979076479
"ko01100"	1330516.02950938	1541922.59051227	1065802.22718254	1225610.09659091	1285012.82348485	1294537.41534993	936902.915169553	1613199.89736652	1451961.24891775	1828309.13625541	1677391.51457431	1569206.97012987	750967.551208514	772929.829184704
"ko01110"	585457.833982684	652886.067550505	470998.635858586	539145.374386724	568607.418578644	569029.146951659	417293.801899952	672057.531042569	616172.622781385	786290.747438672	740816.803589466	694600.672727273	330639.942388167	328303.21010101
"ko01120"	475182.858549784	566408.301893939	388869.367532468	440362.507720058	456396.153896104	475741.210046898	342682.929268879	567628.728300866	523601.820797258	653336.681854257	590907.7620671	553501.819949495	281477.789466089	280541.14541847
"ko01130"	443166.995382395	498350.986544012	357654.243957431	412195.504563492	429384.795959596	432646.48961039	321210.160155123	509348.806926407	468210.178427128	596517.916017316	561549.454761905	523267.127886003	252305.79229798	250732.58510101
"ko01200"	235549.661327561	266196.53961039	192794.804004329	219992.130753968	228569.561652237	234232.23030303	173658.124729437	264452.040854978	248163.140313853	316844.486399711	296427.317893218	277426.400180375	138597.874819625	132725.704401154
"ko01210"	62160.4744949495	69447.579491342	51889.4073773449	55904.1808080808	60348.2419191919	58816.6454906205	43058.6537758538	67505.7759199134	62733.5671356421	81509.3731962482	77499.821482684	73998.754978355	35201.690007215	34086.5487734488
"ko01212"	66142.2578643579	78262.8490800866	52904.1003787879	63374.371969697	66326.8931096681	72007.1512445887	50108.1138287638	77607.2663419913	72097.0385281385	91469.4277417027	84607.5222041847	78904.8264069264	40159.8466450216	39891.0832972583
"ko01220"	33448.862012987	43054.8871212121	28798.96002886	29973.0454365079	31823.886038961	34788.8729437229	23786.5794432419	36177.300974026	36095.9511363636	43629.4424963925	39611.2439393939	38283.3719336219	22374.210515873	19953.8616883117
"ko01230"	252379.772041847	287282.004689755	205260.77209596	232318.984108947	242412.970562771	241887.16242785	178215.651677489	292475.24774531	266967.3	343386.684018759	317060.692424242	298067.982647908	141446.554689755	143817.300577201
"ko01501"	24939.3648268398	38087.5594516595	17770.7652597403	24213.8583333333	23930.1379148629	25824.3147005772	16536.634042809	47972.4903679654	36918.5223304473	44155.2857142857	31958.3708513709	29692.4687229437	13483.0315836941	18417.8752525253
"ko01502"	13043.2486291486	15049.1220238095	10077.9238275613	12361.6218975469	12275.1725468975	13016.1913961039	10524.1132635883	16599.3461399711	14897.820959596	18605.4761544012	16564.8285533911	14656.7612193362	7900.94641053391	7524.58986291486
"ko01503"	21426.0739177489	27273.3662698413	14843.4503787879	18874.1368326118	22544.6374098124	23014.7512987013	12434.1608345358	34278.0153138528	26573.6009559885	31650.7596681097	27878.8449494949	27253.6508297258	11131.4043650794	13927.6852453102
"ko01521"	258.5	13.5	310.5	16.5	191	33	51.5	0	66.5	71	219	278.5	77.5	12.5
"ko01522"	3.33333333333333	0.666666666666667	6	2.66666666666667	5.33333333333333	13.1666666666667	0	1	1.55555555555556	3	7.5	11.3888888888889	2	0
"ko01523"	8426.07341269841	12525.2619227994	6417.131998557	8861.28237734488	7944.53300865801	8903.91554834055	6347.07634078884	14247.818037518	11791.855050505	14699.6743506494	10860.53248557	10060.7268759019	4583.74879148629	6238.1775974026
"ko01524"	13688.662012987	22941.0642135642	11135.7106962482	13471.9137085137	13043.7183261183	15126.2822150072	8798.21279461279	24346.8948412698	20772.491468254	24866.9802669553	17389.5404040404	15904.38997114	8929.00977633478	10940.8871212121
"ko02010"	205169.813455988	324986.634992785	160643.348520924	205255.09047619	176876.059776335	214268.898268398	163770.687962963	358952.104130592	297570.729220779	359968.738131313	242107.939646465	204688.35021645	121162.247835498	169500.265440115
"ko02020"	179269.433152958	271881.600054113	127949.872258297	151413.825234488	158649.011940837	174998.220075758	114938.818548581	364629.308856421	279422.438167388	309456.080122655	214151.713690476	193675.864430014	96165.2151875902	140957.380266955
"ko02024"	135756.890764791	203808.343668831	112800.586724387	139105.238437951	121781.936616162	148922.826893939	110800.800943963	195684.185569986	180391.289430014	227259.858766234	161613.317045455	140184.392496393	89455.2934343434	104781.716197691
"ko02025"	43567.9882395382	58457.578968254	29492.2018217893	29406.8193362193	39366.9248556999	35639.9066017316	22317.4841871092	91332.0385642136	65477.7744047619	63980.0147546897	49300.396969697	46716.6347402597	19569.7124819625	31984.2924242424
"ko02026"	24550.4935786436	32485.0341991342	17823.1308982684	20797.8511183261	24293.8315295815	25020.2765692641	14560.2048460798	39795.5376623377	31900.9536616162	37103.072005772	30680.0626262626	29487.6721500722	13102.4644660895	17314.3195887446
"ko02030"	58156.1597402597	91173.5923160173	37558.5544733045	46227.0269119769	45869.0986652237	54397.0716810967	37345.2830928331	134493.359145022	99994.4198773449	106163.292712843	66601.9053030303	56117.8895021645	30447.1298340548	47529.1309163059
"ko02040"	70268.5272727273	92732.4100108225	45176.153968254	51324.0577020202	61576.9487734488	62429.9765512266	40080.6706048581	155119.332503607	112174.981601732	108606.893326118	83001.8887626263	74883.3625541126	36685.8680194805	50562.1641774892
"ko02060"	7663.62034632035	10648.5783008658	6195.74265873016	8784.33607503608	5972.1332972583	5983.75413059163	5842.63478835979	9766.98737373737	9476.936002886	12096.4566738817	9940.84356060606	7650.37366522366	3905.36753246753	5918.67687590188
"ko03008"	4653.33546176046	4207.62808441558	4433.36585497835	2748.86549422799	4136.53903318903	3114.96641414141	2347.33422919673	4762.01747835498	4325.97862554113	5131.46002886003	5107.64684343434	5471.16446608947	1917.56818181818	2175.61908369408
"ko03010"	126702.220995671	141075.941089466	104089.3245671	114445.862031025	121018.221681097	117854.658784271	88678.9733946609	145270.894119769	132658.696843434	171066.37005772	159453.833766234	151492.54505772	68077.4373015873	70650.2773448774
"ko03013"	6169.65768398268	3619.14873737374	5682.46673881674	2758.98813131313	5477.17420634921	3747.23015873016	2913.13245550746	5115.36872294372	4759.81457431457	5262.10378787879	6503.51262626263	7006.72142857143	2514.90551948052	1967.96071428571
"ko03015"	517	27	622.916666666667	33.6666666666667	382	68	107.5	0	134.083333333333	142	439.166666666667	557.166666666667	155	25
"ko03018"	32474.9937229437	34426.2674963925	25495.1910714286	30113.4366883117	32610.8116883117	31958.9763708514	23035.9928811929	35191.9733044733	32834.9260642136	42872.7432900433	41647.5924242424	39596.4947691198	18035.8159451659	17341.0644300144
"ko03020"	10001.603030303	9249.26744227994	8800.96920995671	7459.73501082251	9413.99541847042	8210.61764069264	6039.67496993747	9706.56275252525	9208.33825757576	11447.423953824	11795.1781565657	11902.495959596	5068.25743145743	4659.4810966811
"ko03022"	2170.10912698413	332.607575757576	2597.18194444444	336.844444444444	1588.73412698413	381.632341269841	568.201767676768	95.0576479076479	687.41369047619	816.375	1889.57222222222	2290.53055555556	656.676190476191	211.886904761905
"ko03030"	33402.734018759	40590.7260642136	27167.8376082251	30137.3237193362	30839.894047619	30349.0599206349	22977.5966029341	45362.5427669553	39154.7793470418	49724.7288239538	41467.7504148629	39140.6091269841	17361.4306457431	19885.7333333333
"ko03050"	1498.05833333333	531.056944444444	1928.25694444444	601.718055555556	1146.49761904762	564.439880952381	813.154166666667	188	724.170833333333	907.383333333333	1457.35416666667	1612.8	460.353571428571	300.110714285714
"ko03060"	35959.9775613276	40564.0487734488	28413.0935425685	32918.3392857143	35409.7193722944	34903.7753246753	24736.5402958153	44202.8063852814	39183.6447691198	49189.6526334776	45453.0364357864	43327.4425685426	19656.62754329	20063.9724025974
"ko03070"	61171.6014790765	98368.9276695527	42196.0774891775	50425.2741161616	53801.7330808081	56405.4691919192	35491.9511363636	145016.116684704	104434.232954545	109644.722330447	75472.4037518038	67387.7684343434	30253.3516414141	48160.1230519481
"ko03320"	13423.0151875902	18150.8091450216	10619.8633658009	12867.3425685426	12462.6331529582	13592.5841450216	10331.7237012987	19999.415494228	17244.2422799423	20530.1102453102	17006.4400252525	15102.4996753247	8333.84318181818	8679.00620490621
"ko03410"	30365.7156204906	35361.2570526695	24149.0366522367	27884.5811868687	27815.318975469	26649.2874278499	21286.988474026	39347.1371392496	34352.308982684	42989.4680735931	38320.5666847042	34642.2647907648	16278.2435606061	17262.7938311688
"ko03420"	21037.7496753247	23422.6516233766	17155.4722041847	19093.009992785	19690.6973665224	18981.1342712843	14531.8054232804	24188.1382756133	22192.0329545455	29078.8282467532	26432.4497474747	24587.1954184704	11158.2726010101	11576.2151154401
"ko03430"	35343.9064574315	43595.0660714286	27190.4598124098	33971.9770021645	34225.1255050505	34338.2897907648	25207.3197029822	47356.415494228	40926.5269480519	52881.3344877345	45446.8891233766	42553.7115440115	19170.1376623377	21599.5368326118
"ko03440"	39607.0812770563	51824.7336038961	29975.0326839827	39636.6302489177	38329.1964646465	40415.2690836941	30247.031499519	58370.5496212121	49184.2807359307	62467.9601010101	51153.0006673882	47211.491017316	21869.3871753247	25571.3866161616
"ko03450"	8176.01836219336	4140.54983766234	6814.70373376623	6384.36051587302	9329.57766955267	7281.89116161616	4718.42895021645	2127.34217171717	3677.22653318903	5089.46666666667	10281.4026515152	10671.0265512266	4812.07348484848	2634.17705627706
"ko03460"	1029	52	1229	61	760	132	179	0.5	266	284	876	1102	308	50
"ko04010"	0	49.5	1.5	4	0	6	0.5	1.5	6	106.5	2	0	0	8.5
"ko04011"	2924.55862193362	6324.45537518038	1678.1062950938	2458.46904761905	1968.76154401154	2123.39348845599	1665.24758297258	11134.1731240981	7376.25542929293	6837.8895021645	3500.77297979798	2569.83228715729	1279.85535714286	3125.59137806638
"ko04013"	2496.93012265512	2727.54915223665	1993.23652597403	2324.90748556999	2386.50966810967	2435.69835858586	1825.02803631554	2659.66953463203	2499.21520562771	3394.50407647908	3177.10568181818	2932.82438672439	1412.65526695527	1408.60598845599
"ko04014"	6.79166666666667	16.8333333333333	18.1666666666667	2.6	2.28333333333333	7.91428571428571	2.25	2.06666666666667	26.0888888888889	25.6666666666667	3.54166666666667	3.975	1	1.68809523809524
"ko04015"	2	0	5.5	1	0.444444444444444	6.33333333333333	0	0	1.5	0	3	3	0.333333333333333	1.5
"ko04016"	8774.39556277056	11982.6618686869	6438.19273088023	7628.55717893218	7910.56331168831	7157.80577200577	5586.62532467532	16440.8400974026	12556.6240079365	13701.5794011544	10807.827020202	9792.3338023088	4245.49935064935	5892.44350649351
"ko04020"	642.642857142857	15	461	376.142857142857	902.5	576.5	268.982142857143	21.3214285714286	122.357142857143	51.7142857142857	804	959.791666666667	302.214285714286	71.6428571428571
"ko04022"	0.125	0	0	0.5	0	1	0.25	0	0.5	0	0.375	1.125	0	0
"ko04024"	127.181349206349	249.865277777778	149.826388888889	232.131944444444	72.0833333333333	116.083134920635	117.873611111111	99.7134920634921	221.1625	341.491666666667	161.129166666667	90.5361111111111	40.1178571428571	122.091666666667
"ko04062"	0	0	0	0	0.4	0	0	0	0	0	0	0	0	0
"ko04064"	3.33333333333333	2.5	3.83333333333333	4.5	2.21428571428571	5.71428571428571	0.333333333333333	0.166666666666667	0.333333333333333	2.5	3.16666666666667	2.58333333333333	1.66666666666667	1.48809523809524
"ko04066"	9631.4312049062	9599.82022005772	8328.39944083694	9866.15102813853	8575.68748196248	9599.55950577201	10303.2088684464	7039.79641053391	8578.84983766234	12779.6021284271	11813.040530303	10036.1158008658	6868.38262987013	4724.81482683983
"ko04068"	6931.88517316017	10787.9846861472	4747.20611471861	5999.16462842713	5803.06883116883	5971.44323593074	4452.60696849447	16008.7632936508	11696.2668650794	12152.6015151515	8546.04810606061	7224.75111832612	3456.38681457431	5281.29696969697
"ko04070"	5881.12352092352	7820.75930735931	4774.83234126984	6096.24051226551	5788.06143578644	6741.73465007215	4772.45363155363	8029.0702020202	7154.9213023088	9472.03593073593	7581.23232323232	7143.22748917749	3455.7733044733	4062.7974025974
"ko04071"	127.986111111111	168.055555555556	111.611111111111	114.461111111111	74.5055555555556	56.497619047619	83.9722222222222	29.7194444444444	179.95	355	212.319444444444	110.619444444444	36.4166666666667	49.9380952380952
"ko04072"	636.489682539682	1618.61948051948	422.659126984127	671.885317460317	629.066666666667	861.602777777778	401.339682539683	2404.14098124098	1666.25317460317	1858.76746031746	773.934848484848	810.397222222222	287.020833333333	793.921428571429
"ko04080"	858.169191919192	1090.31222943723	895.438383838384	1166.725	813.190367965368	912.110407647908	704.733297258297	292.731421356421	671.511724386724	1532.30079365079	1281.12449494949	1175.48686868687	512.678463203463	445.187373737374
"ko04110"	258.5	13.5	310.5	16.75	191	33.75	51.5	0	66.5	71	219	278.5	77.5	12.5
"ko04111"	0	0	0	0.25	0	0.75	0	0	0	0	0	0	0	0
"ko04112"	31484.9922799423	37344.5090007215	25182.5168831169	32136.346482684	32185.9147186147	35131.0417027417	22920.7109487734	36221.5094155844	34331.2401154401	44751.9055555556	42056.7064033189	38719.3461760462	19993.8422438672	19146.962012987
"ko04113"	6093.88535353535	3448.04049422799	5777.25146103896	4183.03035714286	6455.36991341991	5874.19868326118	3370.56812770563	2623.85865800866	4073.10005411255	4730.84920634921	7171.31477272727	7565.02727272727	3940.61634199134	2322.34386724387
"ko04114"	0	0	0	0.25	0	0.75	0	0	0.333333333333333	0	0	0	0	0
"ko04115"	3050.22052669553	4966.41334776335	2546.07557720058	3354.15119047619	2862.52438672439	3512.35573593074	2110.59502164502	4939.02157287157	4352.48178210678	5541.43174603175	4049.61818181818	3629.20588023088	2203.7976010101	2415.67712842713
"ko04120"	0	0	0	0.25	0	0.75	0	0	0	0	0	0	0	0
"ko04122"	26057.5497113997	26856.6612193362	21412.7238816739	21457.2176046176	24700.2357142857	22431.4242063492	16778.5424482924	28909.2890873016	26239.0591991342	32334.4444444444	31572.3550505051	30410.3972222222	13388.5973845599	14004.398015873
"ko04137"	0.75	0.5	1.75	2.5	1	1.75	0.5	0.75	0.75	0	3.5	1.75	0.25	0
"ko04138"	1433.56684704185	1013.11717171717	1322.08396464646	1421.64437229437	1675.31825396825	1473.64424603175	1023.16089466089	365.178373015873	733.109758297258	1371.96756854257	1915.76944444444	1969.1	690.45873015873	527.246428571429
"ko04140"	258.5	13.5	310.5	16.5	191	33	51.5	0	66.5	71	219	278.5	77.5	12.5
"ko04141"	9220.59848484849	5501.27617243867	8952.47267316017	5127.59220779221	8557.6060966811	5696.22911255411	4320.39167869168	5138.74518398268	5961.41940836941	7609.68145743146	10328.9375	11257.4101010101	3932.48777056277	2724.63217893218
"ko04142"	2723.98737373737	3737.93448773449	2318.49419191919	4311.11111111111	2514.72950937951	3265.74657287157	3188.16186868687	1847.84130591631	2250.46522366522	5959.41904761905	4205.1851010101	3302.61605339105	1832.87256493506	1619.21313131313
"ko04144"	5.79166666666667	16.8333333333333	17.6666666666667	2.6	2.68333333333333	5.91428571428571	2.25	2.06666666666667	26.0888888888889	25.6666666666667	2.04166666666667	3.975	1	1.68809523809524
"ko04145"	519	27	625.5	34	381	72	93	0	134.5	142	441	560	155	26.5
"ko04146"	20915.3875901876	29428.04752886	15871.0298520924	18841.9679473304	18786.4791486291	19604.0360930736	14947.9923941799	37667.5569264069	30175.4906385281	33383.1666305916	25783.2066919192	22948.9677849928	11817.3918290043	14358.3763347763
"ko04150"	258.5	13.5	310.5	16.5	191	33	51.5	0	66.8333333333333	71	219	278.5	77.5	12.5
"ko04151"	2541.54361471861	3542.85476190476	1942.89918831169	2059.62290764791	2313.57276334776	2389.76641414141	1587.78997113997	4514.79902597403	3604.45759379509	4080.80833333333	3086.25101010101	2930.75454545455	1245.72711038961	1574.03416305916
"ko04152"	5558.71251803752	6952.40404040404	4259.51520562771	5067.21020923521	5152.68322510823	4964.1619949495	3692.61653439153	7850.01192279942	6577.76051587302	8377.7512987013	7065.29444444444	6459.83607503608	2862.69550865801	3119.34411976912
"ko04210"	4482.52554112554	6490.40131673882	3605.12750721501	4283.37426046176	4117.69873737374	4320.87968975469	2770.64164862915	7171.23156565657	6046.90903679654	7581.36518759019	5606.94356060606	5211.18264790765	2720.56957070707	3139.92160894661
"ko04211"	5421.48874458874	9052.00452741703	3671.34282106782	4783.37653318903	4354.82676767677	4558.75851370851	3490.27561928812	13793.8426587302	9875.47063492064	10232.3935786436	6677.87866161616	5502.65667388167	2692.17729076479	4534.19736652237
"ko04212"	15423.7055555556	21760.9733766234	11707.512987013	14811.3716810967	13502.4463924964	14525.7152417027	11428.6482924483	26733.1203823954	21959.5018398268	25791.4399350649	19635.329040404	16909.6962842713	8380.71507936508	10503.2578282828
"ko04213"	15020.4805194805	16965.0116522367	12070.6958333333	12209.2256854257	14151.2545093795	13924.374549062	9334.6604016354	21610.5132034632	18291.3326298701	20015.1296897547	18427.4666666667	17227.8053391053	8617.44862914863	8869.88892496393
"ko04214"	4858.15663780664	8249.1990981241	4155.99354256854	5616.57611832612	4558.92362914863	5551.72104978355	3519.94654882155	7665.56940836941	6897.8702020202	9448.29217171717	6595.85555555556	5972.09372294372	3339.33077200577	3893.81453823954
"ko04215"	3050.22052669553	4966.41334776335	2546.07557720058	3354.15119047619	2862.52438672439	3512.35573593074	2110.59502164502	4939.02157287157	4352.48178210678	5541.43174603175	4049.61818181818	3629.20588023088	2203.7976010101	2415.67712842713
"ko04216"	5811.02882395382	7204.70977633478	4586.26778499278	5419.4726010101	5295.90757575758	5291.2547979798	4400.55249519	8635.5246031746	7507.83822150072	8624.40707070707	7178.69621212121	6400.68943001443	3535.78508297258	3718.26479076479
"ko04260"	2497.66601731602	5094.48643578644	1817.68798701299	2297.28928571429	2166.93560606061	2732.34473304473	1425.65187590188	6470.35443722944	4657.19664502165	5306.34642857143	3267.28131313131	3084.37218614719	1242.80643939394	2345.8091991342
"ko04261"	0.125	0	0	0.5	0	1	0.25	0	0.5	0	0.375	1.125	0	0
"ko04270"	0	0	0	0	0	2	0	0	0	0	0	0	0	0
"ko04310"	1.125	0.75	0.75	0.125	1.125	2.5	1.75	0.125	1	0	3	0.25	1.375	1
"ko04320"	3.33333333333333	0.666666666666667	6	2.66666666666667	5.33333333333333	13.1666666666667	0	1	1.55555555555556	3	7.5	11.3888888888889	2	0
"ko04330"	4.45833333333333	1.41666666666667	6.75	2.79166666666667	6.45833333333333	15.6666666666667	1.75	1.125	2.55555555555556	3	10.5	11.6388888888889	3.375	1
"ko04370"	3.33333333333333	2.5	3.83333333333333	4.5	2.21428571428571	7.71428571428571	0.333333333333333	0.166666666666667	0.333333333333333	2.5	3.16666666666667	2.58333333333333	1.66666666666667	1.48809523809524
"ko04371"	261.233333333333	15.2833333333333	312.941666666667	17.55	199.133333333333	45.2166666666667	52.3666666666667	0	70.2166666666667	72.85	220.975	283.783333333333	81.075	13.5
"ko04380"	9.375	111.25	21.125	31.3888888888889	19.6388888888889	107.384523809524	16.4166666666667	70.1666666666667	41.8611111111111	174.5	20.7916666666667	28.3333333333333	34.375	58.0416666666667
"ko04390"	2	0	5.5	1	0	6	0	0	1.5	0	3	3	0	1.5
"ko04391"	2	0	5.5	1	0	6	0	0	1.5	0	3	3	0	1.5
"ko04510"	7.5	10.3958333333333	16.9583333333333	21.1875	6.50595238095238	11.0833333333333	14.4375	2.70833333333333	15.0416666666667	5	9.52083333333333	11.125	1.80952380952381	10.1666666666667
"ko04512"	5.5	10.3958333333333	11.4583333333333	20.1875	6.50595238095238	5.08333333333333	14.4375	2.70833333333333	13.5416666666667	5	6.52083333333333	8.125	1.80952380952381	8.66666666666667
"ko04520"	2	0	5.5	1	0.4	6	0	0	1.5	0	3	3	0	1.5
"ko04530"	261.25	14	317.75	20	192.4	40.75	52	0.75	69.0833333333333	71	225.5	283.25	77.75	14
"ko04550"	0	0	0.333333333333333	0	0	0	0	0	0	0	0	0	0	0
"ko04610"	2.73333333333333	1.78333333333333	2.44166666666667	2.05	8.63333333333333	12.2166666666667	0.866666666666667	0	3.71666666666667	2.85	3.475	6.78333333333333	3.575	1
"ko04611"	10.5	17.0902777777778	22.2916666666667	32.1041666666667	8.00595238095238	19.5833333333333	71.6875	5.20833333333333	19.875	8.08333333333333	15.9375	14.125	1.80952380952381	12.1666666666667
"ko04612"	810.091630591631	1778.97876984127	579.855339105339	831.536201298701	729.324747474747	1036.66502525253	576.715566378066	2281.53116883117	1726.64747474747	2080.05873015873	1068.9773989899	972.271212121212	412.708062770563	812.267893217893
"ko04614"	3475.41753246753	2583.67734487734	2449.1812950938	2389.52817460317	3650.21006493507	3078.66502525253	1922.00212842713	4087.04646464646	3424.64792568543	3476.57380952381	4553.56248196248	4431.01605339105	1917.21482683983	1430.13257575758
"ko04621"	8831.02153679654	11123.5200757576	6788.00270562771	6977.34767316017	7767.21922799423	7503.92200577201	5630.06008297258	16076.4848484848	12438.5176046176	13829.065007215	10559.7958333333	9786.22294372294	4395.0781024531	5451.11482683983
"ko04622"	70.0555555555556	82.525	61.5333333333333	131.630555555556	46.3904761904762	58.5337301587302	72.2592712842713	22.6690476190476	50.302380952381	111.661904761905	134.105555555556	94.2396825396825	30.0833333333333	44.3595238095238
"ko04623"	258.5	13.5	310.5	16.5	191	33	51.5	0	66.5	71	219	278.5	77.5	12.5
"ko04626"	8620.77950937951	13903.138546176	5884.920995671	7720.73980880231	7524.75339105339	8346.83553391053	5886.98663419913	21439.7822871573	15440.905952381	16673.0942640693	10785.3130050505	9443.96118326118	4684.37853535353	7008.14906204906
"ko04640"	0.333333333333333	1.5	1	0	1.25	8.71428571428572	0	0	0.5	0	0	2.25	1	1.82142857142857
"ko04657"	813.424963924964	1781.47876984127	583.688672438672	836.036201298701	731.539033189033	1042.37931096681	577.0488997114	2281.69783549784	1726.98080808081	2082.55873015873	1072.14406565657	974.854545454545	414.374729437229	813.755988455988
"ko04658"	3.33333333333333	0.666666666666667	6	2.66666666666667	5.33333333333333	13.1666666666667	0	1	1.55555555555556	3	7.5	11.3888888888889	2	0
"ko04659"	810.091630591631	1778.97876984127	579.855339105339	831.536201298701	729.324747474747	1036.66502525253	576.715566378066	2281.53116883117	1726.64747474747	2080.05873015873	1068.9773989899	972.271212121212	412.708062770563	812.267893217893
"ko04664"	12.8888888888889	2	8.05555555555556	6.94444444444444	4.11111111111111	3.83333333333333	5.94444444444444	2.22222222222222	16.8055555555556	15.3333333333333	19.0555555555556	9.72222222222222	1.33333333333333	2.5
"ko04666"	5.79166666666667	16.8333333333333	17.6666666666667	2.6	2.68333333333333	5.91428571428571	2.25	2.06666666666667	26.0888888888889	25.6666666666667	2.04166666666667	3.975	1	1.68809523809524
"ko04668"	4.08333333333333	3	5.58333333333333	7	3.21428571428571	7.46428571428571	0.833333333333333	0.916666666666667	1.08333333333333	2.5	6.66666666666667	4.33333333333333	1.91666666666667	1.48809523809524
"ko04670"	2	0	5.5	1	0	6	0	0	1.5	0	3	3	0	1.5
"ko04720"	0	0	0	0	0	0	0	0	0.333333333333333	0	0	0	0	0
"ko04721"	1.3	0.7	1.5	0	5.4	10.1	0.7	0	1.2	0.8	1.3	2.4	3.2	1
"ko04722"	0	0	0	0	0	0	0	0	0.333333333333333	0	0	0	0	0
"ko04723"	12.6666666666667	3.16666666666667	25.3333333333333	8.66666666666667	16.047619047619	28.1309523809524	0.333333333333333	1.16666666666667	6.22222222222222	7	18.9166666666667	22.0555555555556	5.66666666666667	2.98809523809524
"ko04724"	6586.70526695527	7040.11145382395	5345.68412698413	5667.69276695527	6295.29199134199	6440.83564213564	4430.44604978355	7849.84069264069	7014.30046897547	8279.69227994228	8055.97411616162	7297.16280663781	3777.55485209235	3938.13192640693
"ko04725"	0.545454545454545	0	0	0.636363636363636	1	0	0.272727272727273	0	0	0	1.27272727272727	0	1.45454545454545	0
"ko04726"	2372.39087301587	1713.23055555556	1736.64292929293	1785.38968253968	2462.08174603175	2175.49801587302	1557.21337181337	2601.94880952381	2202.39444444444	2393.9253968254	3063.86818181818	2753.63968253968	1426.37222222222	938.537698412698
"ko04727"	6972.17572150072	7796.49895382395	5542.74662698413	5884.68885281385	6454.06222943723	6694.65806277056	4757.31461038961	9654.79902597403	8144.24352453102	9219.53394660895	8416.5398989899	7483.39336219336	3955.57844516595	4305.90573593074
"ko04728"	2356.66865079365	1659.23055555556	1726.25404040404	1769.94523809524	2458.25634920635	2186.79861111111	1550.43559403559	2598.05992063492	2179.58888888889	2269.59206349206	3043.14595959596	2746.33412698413	1424.37222222222	928.478174603175
"ko04730"	0	0	0	0	0	2	0	0	0	0	0	0	0	0
"ko04745"	2	0	5.5	1	0	6	0	0	1.5	0	3	3	0	1.5
"ko04750"	0	0	0	0	0	2	0	0	0	0	0	0	0	0
"ko04810"	2	0	5.5	1	0.844444444444444	6.33333333333333	0	0	1.5	0	3	3	0.333333333333333	1.5
"ko04910"	6049.51688311688	4597.55858585859	4494.53012265512	4917.36810966811	6834.59155844156	6311.32588383838	3493.29858104858	4979.17077922078	4742.69917027417	5793.08275613276	7775.90631313131	7995.35115440115	3102.1441017316	2424.03221500721
"ko04911"	0.125	0	0	0.5	0	1	0.25	0	0.5	0	0.375	1.125	0	0
"ko04912"	5.79166666666667	16.8333333333333	17.6666666666667	2.6	2.28333333333333	7.91428571428571	2.25	2.06666666666667	26.0888888888889	25.6666666666667	2.04166666666667	3.975	1	1.68809523809524
"ko04913"	16.2222222222222	4.5	11.8888888888889	11.4444444444444	6.32539682539683	9.54761904761905	6.27777777777778	2.38888888888889	17.1388888888889	17.8333333333333	22.2222222222222	12.3055555555556	3	3.98809523809524
"ko04914"	810.091630591631	1778.97876984127	579.855339105339	831.536201298701	729.324747474747	1036.66502525253	576.715566378066	2281.53116883117	1726.98080808081	2080.05873015873	1068.9773989899	972.271212121212	412.708062770563	812.267893217893
"ko04915"	810.091630591631	1778.97876984127	579.855339105339	831.536201298701	729.324747474747	1036.66502525253	576.715566378066	2281.53116883117	1726.64747474747	2080.05873015873	1068.9773989899	972.271212121212	412.708062770563	812.267893217893
"ko04916"	1353.9148989899	437.875	1200.14444444444	550.522474747475	1326.82261904762	719.990277777778	441.758838383838	682.780555555556	740.805555555556	668.7	1465.37550505051	1610.7	592.444823232323	285.691666666667
"ko04917"	852.67601010101	1206.7295995671	720.625	632.605284992785	569.905952380952	532.085317460317	583.97383958634	1473.56455627706	1219.69570707071	1266.98174603175	988.704671717172	723.803968253968	545.114069264069	492.316666666667
"ko04918"	2393.81713564214	4780.7060966811	1853.18062770563	2544.67269119769	2105.59725829726	2644.83594877345	1504.0186988937	5624.29357864358	4351.54051226551	5608.19466089466	2931.05176767677	2672.31204906205	1340.2400974026	2345.72074314574
"ko04919"	965.575793650794	2525.42738095238	712.853571428571	817.449206349206	542.339682539683	1013.2873015873	603.906818181818	3686.23293650794	2574.44563492063	2916.13293650794	1080.23207070707	680.366666666667	672.217261904762	1020.45476190476
"ko04920"	7096.55176767677	8556.4347041847	5418.91277056277	6213.13115079365	6567.29512987013	6484.64969336219	5144.58301467051	10680.422979798	9017.69922438672	10048.6022005772	8715.56616161616	7904.71782106782	4212.02642496392	4252.87229437229
"ko04921"	263.833333333333	16	319.833333333333	22	193.214285714286	46.7142857142857	51.8333333333333	0.166666666666667	68.3333333333333	73.5	225.166666666667	284.083333333333	79.1666666666667	15.4880952380952
"ko04922"	12052.1667027417	12164.6266594517	9747.75948773449	12416.4324134199	11749.9453102453	12993.2478896104	11611.9116943242	9464.60216450216	11050.5918650794	15444.9799062049	15590.7189393939	13763.9344155844	8250.07613636364	5814.76212121212
"ko04923"	3.33333333333333	2.5	3.83333333333333	4.5	2.21428571428571	5.71428571428571	0.333333333333333	0.166666666666667	0.333333333333333	2.5	3.16666666666667	2.58333333333333	1.66666666666667	1.48809523809524
"ko04924"	835.039682539683	285.160714285714	616.456349206349	585.918650793651	974.340079365079	662.121428571429	399.956349206349	123.105158730159	302.863095238095	397.452380952381	1113.125	1165.25	507.916666666667	174.107142857143
"ko04930"	2210.95281385281	2988.57507215007	1655.61004689755	2197.81634199134	2040.86497113997	2160.03382034632	1636.54647667148	3270.02545093795	2861.87321428571	3502.34137806638	2896.62828282828	2595.94361471861	1247.5571969697	1499.36753246753
"ko04931"	7573.40948773449	6836.17081529581	5773.02371933622	6433.08766233766	8034.17702020202	8116.86551226551	5275.87592592593	7169.72352092352	6777.92104978355	8344.85735930736	9680.11363636364	9523.9676046176	4452.11785714286	3496.93066378066
"ko04932"	5808.26154401154	10074.3997835498	4680.76356421356	5668.44047619048	5220.45999278499	6284.70046897547	3587.4968975469	11409.376010101	9077.17842712843	10918.7781746032	7538.52449494949	6996.95306637807	3524.10404040404	4775.48632756133
"ko04933"	8.5	17.0902777777778	16.7916666666667	31.1041666666667	8.00595238095238	11.5833333333333	71.6875	5.20833333333333	18.375	8.08333333333333	12.9375	11.125	1.80952380952381	10.6666666666667
"ko04940"	2871.99837662338	4090.06304112554	2312.48033910534	3029.3970959596	2729.23823953824	3303.83169191919	2404.85338504088	4519.77512626263	3995.0566017316	4882.97312409812	3576.52234848485	3238.37121212121	1762.44574314574	1981.58892496392
"ko04960"	0.125	0	0	0.5	0	1	0.25	0	0.5	0	0.375	1.125	0	0
"ko04961"	0.125	0	0	0.5	0	1	0.25	0	0.5	0	0.375	1.125	0	0
"ko04962"	1.3	0.7	2	0	5.9	10.1	5.7	0	1.2	0.8	1.3	2.4	3.2	1
"ko04964"	4520.88643578644	4696.14307359307	3567.05613275613	3300.28968253968	3779.18268398268	3247.30391414141	2808.20235690236	5883.611002886	5025.81998556999	5772.7022005772	5225.98560606061	4651.0104978355	2272.8533008658	2161.27265512266
"ko04970"	0.125	0	0	0.5	0	1	0.25	0	0.5	0	0.375	1.125	0	0
"ko04971"	0.125	0	0	0.5	0	1	0.25	0	0.5	0	0.375	1.125	0	0
"ko04972"	0.125	0.333333333333333	0	1.5	0.547619047619048	1.67619047619048	0.25	0	0.5	1	2.375	3.625	0.142857142857143	0
"ko04973"	325.982575757576	589.330952380952	215.14880952381	419.2636002886	388.755555555556	377.462301587302	284.206060606061	827.175595238095	698.173448773449	1089.91468253968	493.270454545455	416.984126984127	73.1829004329004	388.8
"ko04974"	2025.20912698413	1460.31904761905	1374.28968253968	1685.31865079365	2015.41825396825	1428.61706349206	1262.47301587302	2162.75238095238	1761.96031746032	2174.79682539683	2653.36388888889	2437.03611111111	942.279761904762	745.936904761905
"ko04976"	111.463888888889	178.422222222222	138.872222222222	186.905555555556	73.0587301587302	125.603174603175	145.672222222222	38.7222222222222	110.733333333333	270.858333333333	161.394444444444	115.738888888889	73.3220238095238	67.5833333333333
"ko04978"	1364.49942279942	1767.08621933622	942.102056277056	1155.88275613276	1309.51060606061	1257.97092352092	769.884836459836	2239.39401154401	1704.04797979798	1790.94733044733	1769.72904040404	1625.15512265512	602.489556277056	867.188564213564
"ko05010"	7946.39112554113	12992.5288059163	6267.20981240981	7968.08356782107	7313.03831168831	8562.13751803752	5218.86739417989	14773.3502164502	11844.8855699856	14641.4887085137	10313.1178030303	9566.16435786436	4675.85772005772	6369.29072871573
"ko05012"	5550.01154401154	10060.8997835498	4370.26356421356	5651.94047619048	5029.45999278499	6251.70046897547	3535.9968975469	11409.376010101	9011.09509379509	10847.7781746032	7319.52449494949	6719.61973304473	3446.60404040404	4762.98632756133
"ko05014"	7403.67608225108	13294.9088023088	5236.36836219336	6940.86605339105	6192.8455988456	6987.4205988456	4576.55365560365	18824.5106782107	13808.8887445887	14468.7910894661	9383.99949494949	7924.2689033189	4187.59235209235	6366.5233044733
"ko05016"	9992.5886002886	14819.4890151515	7996.68658008658	9138.09377705628	9159.08488455988	10104.7368686869	6264.73598484848	16820.361525974	13723.0451659452	16473.7520923521	12768.238510101	11933.5081890332	5717.86536796537	7021.84711399711
"ko05020"	1432.23026695527	2004.70674603175	1018.18648989899	1130.91248196248	1366.893001443	1364.83804112554	800.711050986051	2752.31598124098	2081.70708874459	2092.46984126984	1841.10833333333	1736.61962481962	705.939393939394	825.254797979798
"ko05030"	2356.16865079365	1659.23055555556	1723.25404040404	1769.94523809524	2455.75634920635	2161.9503968254	1550.43559403559	2598.05992063492	2179.58888888889	2269.59206349206	3039.64595959596	2741.33412698413	1423.37222222222	926.049603174603
"ko05031"	2356.16865079365	1659.23055555556	1723.25404040404	1769.94523809524	2455.75634920635	2161.9503968254	1550.43559403559	2598.05992063492	2179.58888888889	2269.59206349206	3039.64595959596	2741.33412698413	1423.37222222222	926.049603174603
"ko05034"	2356.16865079365	1659.23055555556	1723.25404040404	1769.94523809524	2455.75634920635	2161.9503968254	1550.43559403559	2598.05992063492	2179.58888888889	2269.59206349206	3039.64595959596	2741.33412698413	1423.37222222222	926.049603174603
"ko05100"	66.3	81.3547619047619	79.0833333333333	122.655555555556	22.7218253968254	70.3015873015873	73.575468975469	25.0785714285714	50.9119047619048	90.1047619047619	142.651515151515	63.2543650793651	49.6069444444444	24.1428571428571
"ko05110"	663.889682539683	95.0079365079365	726.145238095238	135.426984126984	461.920634920635	137.554761904762	148.950793650794	62.1996031746032	318.026984126984	386.935714285714	651.25	696.602777777778	185.283333333333	129.390476190476
"ko05111"	35970.9413780664	62831.9827020202	23535.1461580087	27664.3005952381	29577.7741341991	33053.8126262626	20718.1736952862	100306.359848485	69733.2446428571	69820.4838023088	44135.5286616162	38537.7441558442	18457.962012987	31009.7295454545
"ko05120"	2026.37481962482	3327.86515151515	1684.62119408369	2069.39823232323	1741.81616161616	2221.00128066378	1550.23043530544	3943.85818903319	3260.01408730159	3721.26071428571	2566.61085858586	2293.01266233766	1125.02126623377	1869.3715007215
"ko05130"	2	0	5.5	1	0.4	6	0	0	1.5	0	3	3	0	1.5
"ko05131"	18.65	3.1	7.7	5	13.7301587301587	38.6809523809524	3.4	4.3	3.36666666666667	6	36	17.5321428571429	10.6458333333333	4.24285714285714
"ko05132"	5935.97683982684	8278.92651515152	3740.91987734488	4453.80472582973	5094.32373737374	5142.03286435786	3580.88594276094	14236.4142676768	10094.0042568543	9662.46778499278	6920.73593073593	6066.79494949495	2995.75066738817	4527.61883116883
"ko05133"	3436.13354978355	9099.29632034632	2083.6544011544	2978.11428571429	2021.05043290043	2708.75360750361	2067.48621933622	12841.7366161616	8664.11857864358	9792.60158730159	3531.39974747475	2698.11244588745	1536.39090909091	4373.19177489177
"ko05134"	16886.846969697	18548.2823412698	14040.3911616162	13961.2447150072	16060.7802669553	15861.3509018759	10746.6208213083	21698.7064393939	18974.8277417027	22637.802020202	20554.6839646465	19758.075036075	9588.9799963925	9296.39159451659
"ko05140"	3.33333333333333	2.5	3.83333333333333	4.5	2.21428571428571	5.71428571428571	0.333333333333333	0.166666666666667	0.333333333333333	2.5	3.16666666666667	2.58333333333333	1.66666666666667	1.48809523809524
"ko05142"	2011.13896103896	1235.54004329004	1561.19022366522	1717.31785714286	2419.63744588745	2148.230501443	1124.70133477633	1020.36432178932	1239.76836219336	1702.58095238095	2707.93787878788	2824.71803751804	1284.81363636364	822.339718614719
"ko05143"	1438.99769119769	1201.48488455988	1188.91165223665	1448.27976190476	1672.73903318903	1735.56145382395	981.967207792208	1052.52305194805	1147.30248917749	1714.37301587302	1999.10176767677	1954.22438672439	895.730303030303	881.515909090909
"ko05145"	3063.10941558442	4968.41334776335	2554.13113275613	3361.09563492063	2866.6354978355	3514.18906926407	2116.53946608947	4941.2437950938	4369.28733766234	5556.76507936508	4068.67373737374	3638.9281024531	2205.13093434343	2418.17712842713
"ko05146"	2735.47388167388	1505.67144660895	2331.18033910534	2333.92126623377	2833.23546176046	2393.77831890332	2066.17668951419	519.348520923521	1206.95411255411	2109.68553391053	3462.30164141414	3257.79621212121	1620.90367965368	794.822655122655
"ko05150"	1151.4595959596	624.575	1009.31590909091	825.458766233766	1237.06428571429	869.910317460318	537.342532467532	535.303246753247	637.898953823954	930.402777777778	1415.31666666667	1514.05	555.7	356.729761904762
"ko05152"	11695.6534992785	14267.2633116883	9801.54853896104	11731.2246572872	11419.6351370851	12668.0224386724	8831.8472041847	13145.3612193362	13026.1762265512	17258.1983405483	15239.2671717172	14120.233008658	7091.27238455988	7093.78437950938
"ko05160"	258.5	13.5	310.5	16.5	191	33	51.5	0	66.5	71	219	278.5	77.5	12.5
"ko05161"	3308.72052669553	4979.91334776335	2856.57557720058	3370.65119047619	3053.52438672439	3545.35573593074	2162.09502164502	4939.02157287157	4418.98178210678	5612.43174603175	4268.61818181818	3907.70588023088	2281.2976010101	2428.17712842713
"ko05162"	258.5	13.5	310.5	16.5	191	33	51.5	0	66.5	71	219	278.5	77.5	12.5
"ko05164"	3314.72052669553	4982.41334776335	2870.74224386724	3377.56785714286	3060.73867243867	3566.69859307359	2164.26168831169	4940.18823953824	4425.204004329	5623.43174603175	4282.61818181818	3926.76143578644	2286.44045815296	2430.67712842713
"ko05166"	1375.16919191919	1116.9788961039	1516.43838383838	1197.975	1194.14274891775	978.184217171717	807.733297258297	292.731421356421	804.511724386724	1672.30079365079	1715.62449494949	1728.48686868687	667.535606060606	470.187373737374
"ko05168"	3567.22052669553	4993.41334776335	3167.07557720058	3387.15119047619	3244.52438672439	3578.35573593074	2213.59502164502	4939.02157287157	4485.48178210678	5683.43174603175	4487.61818181818	4186.20588023088	2358.7976010101	2440.67712842713
"ko05169"	2321.5	119.5	2784	143.5	1717	298.333333333333	456.5	0	599.166666666667	639	1971	2494.5	695.5	112.5
"ko05200"	5935.45523088023	9152.72472943723	4834.498502886	6045.03324314574	5683.44069264069	6564.55974025974	4048.99198532949	9731.35299422799	8337.62426046176	10557.6024891775	7649.43573232323	7087.51396103896	3696.82379148629	4507.98358585859
"ko05202"	2.73333333333333	1.78333333333333	2.44166666666667	1.05	8.13333333333333	12.2166666666667	0.866666666666667	0	3.71666666666667	1.85	1.975	5.28333333333333	3.575	1
"ko05203"	4273.70281385281	3094.57507215007	4128.61004689755	2325.06634199134	3566.72211399711	2424.78382034632	2041.54647667148	3270.02545093795	3393.45654761905	4070.34137806638	4648.62828282828	4810.77694805195	1865.5571969697	1599.36753246753
"ko05204"	8919.10079365079	17338.3294191919	7167.29673520924	8820.56278860029	8363.41309523809	10840.3666666667	5634.22095358345	19568.9812950938	16023.4025793651	18289.9172799423	11216.4912878788	10156.5952380952	6132.45194805195	8297.5496031746
"ko05205"	2051.94181096681	2196.20407647908	1692.80950577201	1796.73712121212	2075.09220779221	2013.68248556999	1374.39871332371	2378.9400974026	2148.54172077922	2737.59256854257	2542.27323232323	2560.24343434343	1111.97949134199	1125.35122655123
"ko05206"	2797.39433621934	2980.45268759019	2130.77756132756	2487.10312049062	2800.42582972583	2726.91035353535	1843.14671115921	3650.74121572872	3121.06071428571	3523.38463203463	3566.8941017316	3357.0937950938	1692.79843073593	1506.3009018759
"ko05210"	3050.22052669553	4966.41334776335	2546.07557720058	3354.15119047619	2862.52438672439	3512.35573593074	2110.59502164502	4939.02157287157	4352.48178210678	5541.43174603175	4049.61818181818	3629.20588023088	2203.7976010101	2415.67712842713
"ko05211"	2070.68474025974	2404.08261183261	1703.48425324675	1854.72085137085	2087.75227272727	2007.32469336219	1354.59806397306	2510.50858585859	2257.16167027417	2933.61201298701	2524.67348484848	2483.20353535354	1077.27646103896	1277.55046897547
"ko05212"	0	0	0.5	0	0.5	0	5	0	0	0	0	0	0	0
"ko05215"	810.091630591631	1778.97876984127	579.855339105339	831.536201298701	729.324747474747	1036.66502525253	576.715566378066	2281.53116883117	1726.64747474747	2080.05873015873	1068.9773989899	972.271212121212	412.708062770563	812.267893217893
"ko05219"	590.80284992785	1313.76782106782	479.749945887446	617.206746031746	598.312445887446	1078.57097763348	411.645779220779	2017.45202020202	1507.29038600289	1567.78095238095	770.943434343434	737.416847041847	307.227326839827	726.082178932179
"ko05220"	1.125	0.75	0.75	0.125	1.125	2.5	1.75	0.125	1	0	3	0.25	1.375	1
"ko05222"	3053.55386002886	4968.91334776335	2549.90891053391	3358.65119047619	2864.73867243867	3518.07002164502	2110.92835497835	4939.18823953824	4352.81511544011	5543.93174603175	4052.78484848485	3631.78921356421	2205.46426767677	2417.16522366522
"ko05224"	3.33333333333333	0.666666666666667	6	2.66666666666667	5.33333333333333	13.1666666666667	0	1	1.55555555555556	3	7.5	11.3888888888889	2	0
"ko05230"	12061.1782106782	14196.418037518	9964.96971500722	13163.9352994228	11004.5655844156	12268.4066558442	12275.9503066378	11260.5157647908	12433.5993506494	17425.6831890332	15332.7906565657	12945.8897186147	8464.49377705628	6684.44635642136
"ko05231"	637.535137085137	1618.61948051948	423.159126984127	672.521681096681	630.466666666667	863.602777777778	401.61240981241	2404.14098124098	1666.25317460317	1858.76746031746	775.207575757576	810.397222222222	288.475378787879	793.921428571429
"ko05322"	90.284595959596	139.625757575758	52.7469696969697	70.875	82.5195887445887	76.7164141414141	22.6219696969697	319.232575757576	201.022727272727	213.166666666667	91.5934343434343	94.435101010101	15.5719696969697	93.4325757575757
"ko05323"	9.375	111.25	21.125	31.3888888888889	19.6388888888889	107.384523809524	16.4166666666667	70.1666666666667	41.8611111111111	174.5	20.7916666666667	28.3333333333333	34.375	58.0416666666667
"ko05340"	2134.24617604618	4399.04058441558	1391.67977994228	2201.17997835498	1208.0426046176	1553.71244588745	1841.12075517076	6845.75537518038	4913.74687950938	5473.08740981241	2481.78156565657	1511.75018037518	1034.70052308802	2081.46194083694
"ko05410"	838.164682539683	288.244047619048	624.539682539683	588.376984126984	977.798412698413	672.954761904762	401.706349206349	124.563492063492	306.029761904762	402.452380952381	1119.45833333333	1168.5	510.958333333333	179.77380952381
"ko05412"	2	0	5.5	1	0	6	0	0	1.5	0	3	3	0	1.5
"ko05414"	3.125	3.08333333333333	8.08333333333333	2.45833333333333	3.45833333333333	10.8333333333333	1.75	1.45833333333333	3.16666666666667	5	6.33333333333333	3.25	3.04166666666667	5.66666666666667
"ko05416"	3052.22052669553	4966.41334776335	2551.57557720058	3355.15119047619	2862.52438672439	3518.35573593074	2110.59502164502	4939.02157287157	4353.98178210678	5541.43174603175	4052.61818181818	3632.20588023088	2203.7976010101	2417.17712842713
"ko05418"	14974.5648629149	23728.1373015873	12391.7007936508	13579.7465367965	13662.9740981241	15374.6334235209	9583.31243386243	26302.4562770563	22229.0019480519	26725.6415945166	18565.4772727273	17074.5336940837	8889.91807359307	11375.8961038961
