"Pathway"	"S1A"	"S1B"	"S2A"	"S2B"	"S3A"	"S3B"	"S4A"	"S4B"	"S5A"	"S5B"	"S6A"	"S6B"
"ko00010"	170160.582936508	159251.683297258	137865.524170274	176854.691378066	192656.403968254	207114.088888889	373902.118650794	917334.391666667	196129.71547619	201134.683333333	114131.191666667	197599.481746032
"ko00020"	68652.044047619	69510.8955627706	57124.0431818182	90970.8926767677	79167.1277777778	86679.2023809524	358786.158333333	859088.386111111	148250.680555556	124776.700793651	54242.0166666667	117558.480555556
"ko00030"	99991.1666666667	92653.333044733	79048.1445526695	105970.519119769	114303.257936508	115598.559126984	268065.895634921	722720.680555556	159210.91984127	139505.645634921	72573.25	130784.199603175
"ko00040"	24474.9130952381	22090.1173881674	18652.4570707071	24994.4204545455	29011.5611111111	24980.7630952381	151762.005555556	610400.7	50699.0638888889	35930.4488095238	19563.625	27327.8388888889
"ko00051"	129994.638492063	122435.871645022	103236.399025974	125928.202922078	138846.278571429	148995.131349206	206890.614285714	632613.544444444	130337.965873016	125824.848412698	77514.4	109632.134126984
"ko00052"	107986.508333333	100567.867604618	83139.573953824	106948.944805195	119819.426984127	109922.059920635	140313.849603175	428898.830555556	77913.2869047619	90577.6384920635	60763.3166666667	96938.0714285714
"ko00053"	9218.69285714286	6714.40775613276	6985.06767676768	8910.91919191919	17317.6138888889	9374.25952380952	63233.8972222222	189119.902777778	41096.8611111111	18688.3115079365	5788.75833333333	11436.9777777778
"ko00061"	73771.4880952381	69503.2074675325	59668.0562770563	78427.2200577201	79120.2325396825	94962.748015873	308954.127380952	981659.383333333	127259.595238095	109027.451190476	56021.8166666667	100155.446428571
"ko00071"	19293.0047619048	19673.8683621934	15997.8223304473	23041.2968975469	18425.269047619	19424.2388888889	203539.890079365	350761.436111111	107096.675396825	58509.1222222222	14584.5083333333	27810.2218253968
"ko00072"	5163.6880952381	4531.78961038961	3797.70151515152	3657.51767676768	5104.25833333333	7533.86587301587	106630.791666667	229317.486111111	43762.6388888889	15652.4043650794	2732.43333333333	3995.58888888889
"ko00100"	0	0	0	0	0	0	31.6	53.6	0	1	0	0
"ko00120"	518.266666666667	283.39696969697	513.780303030303	443.54797979798	1232.61111111111	143.319444444444	1863.43333333333	240.316666666667	2384.78333333333	286.566666666667	678.666666666667	443.166666666667
"ko00121"	537.822222222222	297.39696969697	517.44696969697	472.992424242424	1233.61111111111	144.319444444444	1236.63333333333	112.516666666667	4485.42777777778	380.3	687.666666666667	463.833333333333
"ko00130"	24451.0968253968	25355.5673520924	19686.8336219336	34510.4769119769	31515.5202380952	28811.3619047619	152333.008730159	345214.325	69093.1547619048	49842.6345238095	21326.3333333333	44547.9313492063
"ko00140"	150.966666666667	70.2666666666667	20.5	992.916666666667	965.15	203.45	418.666666666667	411.75	3754.33333333333	551.5	303.5	699.25
"ko00190"	117345.54484127	116287.238419913	90183.2336580087	153614.960137085	130542.896031746	122163.752777778	627997.253571429	1555224.85	265315.145634921	212568.108333333	91345.3916666667	200215.382142857
"ko00195"	52862.4373015873	50481.0590909091	42653.620995671	56710.6536796537	59046.4952380952	68811.6857142857	138776.914285714	327974.955555556	58367.3214285714	64259.8563492063	35438.2	67662.9063492064
"ko00220"	60637.9234126984	53424.6918831169	44595.9847402597	61609.8318903319	62897.8948412698	91619.3615079365	227725.482142857	301915.711111111	136788.085714286	99493.426984127	41452.1916666667	82604.2781746032
"ko00230"	338154.335714286	317261.329040404	268016.35007215	359185.077561328	372894.954365079	441125.140873016	1001867.54801587	1986893.21388889	464702.165079365	435404.284920635	245639.258333333	421562.179365079
"ko00232"	0	0.6	0	0	0.4	1.4	62.2666666666667	53.6	0	1	0	0
"ko00240"	263266.078174603	245953.643181818	206964.752705628	283649.866883117	300168.826190476	359712.523015873	691816.288095238	1610921.27222222	315827.496031746	321623.745634921	193431.75	332490.578968254
"ko00250"	106297.959920635	99510.26497114	83566.680050505	119224.734848485	123525.633333333	142500.298809524	411542.419444444	996485.577777778	188123.772222222	157318.524603175	75830.0583333333	149100.033333333
"ko00260"	115938.820238095	109251.165367965	91148.307034632	129107.145562771	128922.382539683	151154.402380952	414329.727380952	963831.597222222	218645.41468254	178111.898015873	84624.5916666667	160933.440873016
"ko00261"	28677.4571428571	26778.7667748918	22187.887012987	32508.1917388167	32370.9753968254	35618.9119047619	98293.9821428571	202988.136111111	51282.4329365079	44923.3984126984	19206.65	43190.7615079365
"ko00270"	137423.904365079	129457.599098124	107437.172113997	146463.050324675	155100.805952381	193768.96468254	460800.296031746	1161809.44722222	198652.113492064	189656.187301587	94819.525	186732.297619048
"ko00280"	28808.3829365079	27774.325	22152.8821428571	29264.6507936508	29052.1626984127	37229.7214285714	297223.178571429	654962.65	148253.087301587	76233.9821428571	18878.2833333333	38567.6821428571
"ko00281"	119.774603174603	77.862987012987	39.7439393939394	90.7626262626263	7.07222222222222	38.477380952381	110528.1	76261.1666666667	30506.8944444444	15495.1285714286	43.1333333333333	37.7833333333333
"ko00290"	69636.5591269841	67229.2294372294	56725.3913419913	64301.5954184704	58691.6761904762	92909.3678571428	135359.329761905	118342.386111111	91447.4071428571	92538.3031746032	44267.725	85361.9317460317
"ko00300"	79799.2650793651	75099.9726190476	63024.1273809524	83872.1567460317	88430.1801587302	107390.243650794	210965.251190476	419473.586111111	100217.955952381	102750.004365079	52880.0833333333	102371.882936508
"ko00310"	10304.1507936508	10788.0006854257	9104.91219336219	12730.3578643579	9849.67380952381	7492.30873015873	158554.51468254	342720.675	85867.0817460317	38387.9547619048	8803.30833333333	18734.4432539683
"ko00311"	2764.96388888889	2904.20227272727	1779.24393939394	2277.31818181818	2113.38055555556	2711.79722222222	8253.65833333333	38531.2416666667	3974.81111111111	2706.56666666667	1555.35	2564.64166666667
"ko00330"	28646.9075396825	26208.6255772006	20346.8668470418	35566.6522366522	34217.2650793651	42079.7996031746	208516.507539683	541009.611111111	142783.612698413	80802.5174603175	22312.0333333333	54690.9678571429
"ko00332"	9924.06904761905	8635.21060606061	6726.01774891775	8808.62175324675	9216.45158730159	15190.3797619048	21868.5035714286	6383.39722222222	12174.9956349206	12484.3515873016	6680.30833333333	13369.3599206349
"ko00333"	16267.9214285714	15657.9375541126	13260.7220779221	19003.5532106782	18910.8884920635	19721.7305555556	92482.5428571429	196667.638888889	40863.3253968254	27833.9277777778	12853.225	24032.9384920635
"ko00340"	44302.1150793651	39665.8446969697	31843.9316017316	45042.6107503607	43801.7952380952	77070.4384920635	197889.489285714	368794.597222222	91623.0603174603	72821.4646825397	27416.7083333333	61683.448015873
"ko00350"	19541.2182539683	18602.6889249639	15897.1738455988	22941.4534632035	21185.7384920635	25203.7384920635	162283.040079365	311934.563888889	73315.7531746032	52691.648015873	14205.4083333333	34842.1857142857
"ko00360"	12953.2547619048	11038.5405122655	9373.92582972583	15053.9336219336	16731.1126984127	23367.7654761905	193394.86468254	760383.413888889	86929.8317460317	43467.9384920635	9689.95833333333	23391.9543650794
"ko00361"	2272.15476190476	1193.85930735931	1969.40454545455	839.775252525253	3891.51944444444	4582.40198412698	36951.9916666667	39674.2861111111	11500.5722222222	6697.47103174603	979.883333333333	1142.15555555556
"ko00362"	11380.1083333333	9359.75833333333	7887.74166666667	9097.81944444445	14741.675	19022.1916666667	230505.533333333	346461.747222222	122051.069444444	41642.1444444444	6620.71666666667	13742.6611111111
"ko00363"	0	0	0	0	0	0	6	0	0	0	0	0
"ko00364"	28.7214285714286	13.5214285714286	0	25	0.8	10.1464285714286	61458.7666666667	383.366666666667	20792.25	4068.48214285714	0	0
"ko00365"	0.3	0	0	0	0	0.3	40.4	0	344.8	38.1	0	0
"ko00380"	6364.54126984127	5762.80209235209	4964.15288600289	6723.85245310245	5966.1496031746	8559.53095238095	148504.078968254	343642.791666667	90804.6865079365	41320.8714285714	6145.83333333333	11733.9968253968
"ko00400"	119261.447619048	113131.420634921	96740.3115079365	121996.398809524	124142.230952381	153860.671825397	345782.971031746	816182.288888889	165409.244047619	159201.681349206	77164.9166666667	148031.372619048
"ko00401"	11796.8694444444	11085.4593073593	9054.19859307359	15460.1958874459	14310.2107142857	18203.4813492063	71078.5261904762	194023.797222222	27034.380952381	22610.6373015873	9652.56666666667	22385.3468253968
"ko00404"	0	0	0	0	0	0	998	0	0	0	0	0
"ko00405"	10715.980952381	9502.42251082251	8231.81774891775	10347.6495310245	11483.3876984127	15310.3027777778	32684.1619047619	81198.8472222222	13656.978968254	16643.7861111111	6881.34166666667	13821.1349206349
"ko00410"	6768.68650793651	6589.28398268398	3290.25303030303	10214.0353535354	7421.99722222222	8620.09761904762	77855.3583333333	153578.975	66744.5944444444	32029.3214285714	4896.18333333333	15725.3333333333
"ko00430"	17420.7202380952	17289.3385642136	14563.1500721501	19485.7997835498	16952.821031746	22384.2781746032	46707.5063492063	85513.2138888889	39692.7984126984	29709.1908730159	13308.1416666667	28063.7293650794
"ko00440"	5382.62738095238	4570.55995670996	3419.59924242424	4885.31060606061	6260.78611111111	8043.71904761905	31950.1416666667	115521.827777778	14433.6222222222	7707.98412698413	2665.8	4329.98055555555
"ko00450"	44330.8702380952	42073.2062409812	35446.9566378066	46877.8023088023	47660.5321428571	58290.5948412698	136728.634126984	361333.694444444	57696.8873015873	57905.9853174603	34353.6833333333	57893.7182539683
"ko00460"	17735.480952381	16228.7675324675	13694.8258658009	20083.1251803752	21063.4912698413	23811.3650793651	86949.9928571429	385026.675	40391.880952381	26247.4976190476	13578.975	23977.9523809524
"ko00471"	22114.7583333333	21690.2532467532	17911.9091991342	24030.4862914863	23626.8829365079	27552.0369047619	77887.9345238095	123711.716666667	30369.430952381	28451.9261904762	15990.9833333333	27790.4773809524
"ko00472"	1322.74166666667	1124.64116161616	986.088383838384	1299.73484848485	2177.53611111111	2228.51388888889	1531.31944444444	526.275	1780.29444444444	2800.11666666667	796.95	1550.15277777778
"ko00473"	22976.2924603175	20882.1269480519	17834.0329004329	21643.1596320346	25141.7376984127	30548.380952381	39548.8202380952	88129.8027777778	21746.9678571429	23334.1103174603	15489.3916666667	24143.2043650794
"ko00480"	35684.6734126984	34066.8085858586	29349.751046176	41413.6801948052	37712.1313492063	40828.3301587302	242042.642063492	318901.919444444	98847.0325396825	73484.1757936508	27430.95	55458.7119047619
"ko00500"	184822.736904762	168901.051948052	143467.516233766	166042.187409812	189924.707142857	211363.458730159	232188.711904762	933766.233333333	128767.567857143	158514.046428571	96627.6916666667	145588.157142857
"ko00510"	1502.26111111111	1914.90833333333	1708.43333333333	2813.80555555556	2434.25	1166.76666666667	6325.78333333333	37818.9833333333	2318.53888888889	2203.64166666667	1178.25833333333	1955.7
"ko00511"	18000.9281746032	16670.630952381	11753.5333333333	28813.4444444444	31755.8944444444	22225.8642857143	53377.6083333333	307404.269444444	5689.05	12828.7436507937	12603.975	21305.8722222222
"ko00513"	2544.75476190476	2601.3130952381	1505.08333333333	5975	5739.54166666667	3495.1130952381	7057.14166666667	38461.625	963.416666666667	1919.19047619048	2119.79166666667	3847.16666666667
"ko00514"	1770.98333333333	2120.45	1757.93333333333	1930.33333333333	1022.75	489.766666666667	276.266666666667	521.733333333333	1385.23333333333	1845.76666666667	838.633333333333	1202.7
"ko00515"	1772.98333333333	2122.2	1764.93333333333	1935.33333333333	1025	489.766666666667	276.266666666667	523.358333333333	1387.23333333333	1855.39166666667	845.008333333333	1201.2
"ko00520"	201191.426984127	186880.082178932	157149.684163059	201675.614177489	216920.273809524	238988.134920635	405708.473015873	1049676.49166667	203768.015079365	211786.685714286	126140.383333333	211324.809920635
"ko00521"	43176.7575396825	38862.1059163059	31741.4384559885	46402.9374098124	45113.7682539683	51260.4821428571	113581.992460317	288234.663888889	67513.0484126984	61352.4801587302	25121.4083333333	59756.3738095238
"ko00523"	26809.4309523809	25059.5870851371	20940.3136724387	29019.9478715729	26643.6257936508	29012.5099206349	73237.4531746032	202706.313888889	36648.9547619048	36748.6801587302	15088.0416666667	36143.8035714286
"ko00524"	6022.12976190476	5039.60173160173	3684.23863636364	6299.21464646465	6209.175	7210.80476190476	14037.275	78664.1611111111	6108.02222222222	6722.2376984127	3242.2	7034.44722222222
"ko00525"	12683.105952381	12005.0237012987	10433.7725108225	14577.6713564214	13256.0535714286	14273.7765873016	39709.0726190476	119904.138888889	18421.2658730159	19765.4384920635	7950.99166666667	20103.948015873
"ko00531"	7304.48015873016	7549.65	4281.79047619048	11653.3452380952	10194.0765873016	7871.38253968254	16731.8202380952	40602.375	7151.96507936508	7441.30714285714	5537.63333333333	10843.1404761905
"ko00532"	0	0	4	0	0	0	5948.2	37461	9	0	0	0
"ko00534"	0	0	4	0	0	0	5948.2	37461	9	0	0	0
"ko00540"	13788.9408730159	13415.0714285714	7062.45	42865.6388888889	36165.7916666667	39551.5880952381	225216.45	490159.383333333	110978.838888889	76027.7904761905	33176.9916666667	90190.2833333333
"ko00550"	133395.708730159	122552.027056277	104862.147294372	134374.535894661	149500.793253968	184410.516666667	334239.970238095	717277.119444444	143208.012301587	150656.338888889	92609.725	151926.346031746
"ko00561"	60229.7345238095	53822.7395021645	45571.7085497836	53259.9965728716	61094.3686507937	79143.0638888889	97601.7607142857	187788.422222222	66811.5313492063	67114.6111111111	37642.475	60689.6158730159
"ko00562"	15419.3607142857	13507.671969697	9561.87911255411	15842.9487734488	13368.8349206349	15895.4436507936	45153.6619047619	84187.0722222222	49882.603968254	29015.0599206349	9002	18543.3432539683
"ko00564"	68254.8194444444	64078.9928932179	54696.9210678211	75637.2867965368	72965.4218253968	78522.6257936508	200923.370634921	373100.255555556	112905.458730159	102690.245634921	55202.1833333333	95389.5746031746
"ko00565"	59.6547619047619	45.0183982683983	67.030303030303	567.992424242424	24.75	45.4464285714286	8883.48333333333	202.116666666667	2105.91666666667	1905.31547619048	319.5	2812.16666666667
"ko00571"	4343.7	4895.93333333333	3888.6	4446.16666666667	2092.6	1081.83333333333	1328.33333333333	2020.8	3281.53333333333	4825.86666666667	1785.46666666667	2573.2
"ko00572"	9270.30674603175	9140.28863636364	7281.46720779221	8131.20670995671	6975.78134920635	8424.43571428571	2039.57261904762	5148.54444444444	4174.33809523809	6824.48412698413	4611.30833333333	6253.04246031746
"ko00590"	4618.63095238095	3980.92514430014	3070.13308080808	7375.24242424242	8694.50277777778	8681.93650793651	42204.6611111111	40227.3	13665.0611111111	9827.57976190476	3902.10833333333	10655.9527777778
"ko00591"	62.0476190476191	42.2976190476191	68.6666666666667	557.083333333333	24.75	45.8392857142857	23150.0333333333	37553.0833333333	1685.08333333333	1807.02976190476	308.5	2785.16666666667
"ko00592"	66.7809523809524	44.8612554112554	69.655303030303	559.659090909091	26.8694444444444	51.9142857142857	23909.05	37981.8833333333	5993.18333333333	4013.89642857143	308.5	2787.125
"ko00600"	11933.0781746032	10773.5779220779	8075.97196969697	16784.3118686869	19882.2694444444	13727.7170634921	16377.8416666667	80225.0861111111	5867.225	8850.72698412698	7367.65833333333	12165.3722222222
"ko00603"	6283.92619047619	6204.92619047619	3810.99166666667	9904.70833333333	9994.75277777778	5830.62896825397	9129.68333333333	39977.3	2024.84166666667	3810.02261904762	3849.66666666667	6584.35
"ko00604"	2544.75476190476	2601.3130952381	1505.08333333333	5975	5739.54166666667	3495.1130952381	7057.14166666667	38461.625	963.416666666667	1919.19047619048	2119.79166666667	3847.16666666667
"ko00620"	148472.964285714	141096.037698413	116980.599206349	161791.994047619	161903.56031746	198328.349206349	520398.55515873	947104.819444444	259227.311904762	217699.229365079	112223.325	207055.129761905
"ko00621"	4577.80476190476	3934.0183982684	3367.9053030303	3615.25631313131	4805.76666666667	7210.71309523809	8749.75	40864.6861111111	10909.6138888889	6238.09603174603	2447.53333333333	6025.55555555556
"ko00622"	6298.47142857143	4835.59567099567	4817.46590909091	4102.88005050505	7468.16666666667	11632.3853174603	44647.1166666667	42915.5388888889	20793.0361111111	7529.99325396825	3134.90833333333	6776.27777777778
"ko00623"	18.7547619047619	16.4547619047619	1.83333333333333	17.5	1.2	8.24642857142857	27610.7666666667	459.1	10348.65	3337.28214285714	0	0
"ko00624"	29.3611111111111	17.1333333333333	0	32.6388888888889	1.2	9.45	1623.73333333333	134	7547.28888888889	2904.88333333333	0	0
"ko00625"	11293.071031746	10692.5337301587	9599.10079365079	9985.71428571429	10061.1035714286	12883.8277777778	46294.2531746032	82722.8611111111	26027.5603174603	18502.0472222222	7371.53333333333	12743.7896825397
"ko00626"	10696.8071428571	10342.6738816739	9036.95761183261	9438.47438672439	8826.91746031746	12699.9777777778	31000.5281746032	7486.26111111111	15108.5325396825	13672.2555555556	6524.275	12126.9813492063
"ko00627"	12967.8126984127	10998.0445165945	10738.4595959596	8978.09343434343	13155.4444444444	16364.9876984127	18671.2777777778	9885.48055555556	41727.1166666667	22593.0134920635	6426.54166666667	10897.3388888889
"ko00630"	62347.5599206349	60941.6265151515	48181.4979437229	79397.0117243867	74913.4964285714	86225.6531746032	373954.994047619	781534.544444444	208605.781349206	134301.83531746	51672.85	107263.53531746
"ko00633"	1670.4873015873	1686.12316017316	470.480303030303	1635.88131313131	2224.7	4467.76785714286	21196.1166666667	75128.7166666667	8693.88888888889	3206.14761904762	1168.68333333333	2987.9
"ko00640"	76928.6583333333	74174.6285714286	60532.8726190476	81385.8015873016	77544.3976190476	100162.176984127	354571.548809524	645467.377777778	192382.224603175	135833.396031746	56077.6833333333	114217.886507937
"ko00642"	13.0761904761905	5.10649350649351	4.98863636363636	2.57575757575758	1.71944444444444	7.51785714285714	15202.1166666667	37837.3666666667	3972.3	2172.23095238095	0	1.95833333333333
"ko00643"	3449.07222222222	1892.40404040404	2871.87626262626	1125.78787878788	5162.23333333333	8361.45277777778	43551.1277777778	79129.5694444445	28038.8111111111	13699.5305555556	1518.075	1644.91666666667
"ko00650"	64699.676984127	63193.9879148629	49383.5101370851	70613.0918109668	68616.9174603175	82800.730952381	296951.492063492	599441.691666667	165637.201984127	106401.371428571	43017.25	82391.5146825397
"ko00660"	39746.0765873016	39354.7726190476	33490.9285714286	39284.7420634921	34120.1591269841	50994.5388888889	89097.6642857143	98807.9611111111	57522.3158730159	58694.9138888889	26496.6166666667	49628.4841269841
"ko00670"	75114.0698412698	72973.312987013	59844.2796536797	84460.3638167388	83635.1773809524	92474.003968254	205285.617857143	489286.869444444	103104.664285714	93587.7281746032	54287.15	92650.3912698413
"ko00680"	75098.6091269841	70781.5093073593	59332.3343073593	88462.2831890332	87810.2825396825	99446.2079365079	277898.519047619	565978.955555556	121721.967460317	111317.656349206	61361.95	110868.715873016
"ko00710"	67784.4849206349	65055.345021645	53884.5545454545	78803.0946969697	78751.3694444444	81852.3099206349	213891.325	520117.347222222	81546.6833333333	88357.3468253968	53099.8833333333	92148.0777777778
"ko00720"	93847.0551587302	91841.6829004329	70594.8364718615	117842.401695527	108442.563492063	128553.589285714	433514.551190476	949169.6	185323.161507937	150072.038095238	73547.4166666667	151763.127380952
"ko00730"	50113.2448412698	49784.4554112554	42808.0387445887	61774.8448773449	61375.3857142857	61645.778968254	194515.73452381	435575.041666667	79843.2253968254	73466.6726190476	40894.0583333333	76801.619047619
"ko00740"	21267.3281746032	20745.5294372294	16548.1818181818	31317.0934343434	28750.8916666667	27614.6337301587	115189.283333333	234621.822222222	61224.6222222222	41961.4575396825	19079.925	42016.1777777778
"ko00750"	21507.7408730159	18919.8824675325	16863.6229437229	24930.7478354978	25285.4103174603	36772.5702380952	86791.119047619	165151.608333333	42705.2841269841	37341.1678571429	17186.9333333333	32637.8630952381
"ko00760"	56177.3321428571	52652.820995671	44466.7948051948	69364.7628066378	69471.6218253968	67390.0551587302	291248.217857143	628071.736111111	129534.811507937	99766.9507936508	42760.2333333333	92265.0329365079
"ko00770"	84530.7531746032	80772.8055555555	67119.5123015873	85978.5158730159	85756.053968254	107681.056349206	210081.307539683	384160.669444444	108091.009920635	109888.806746032	55449.225	105605.98452381
"ko00780"	32463.7277777778	30665.0198051948	25231.8852813853	41894.9552669553	39911.7067460317	47078.9309523809	224633.796428571	542175.044444444	103695.584920635	74473.6353174603	31925	73983.1484126984
"ko00785"	8536.85158730159	8295.054004329	7536.43138528138	10156.516955267	9249.49603174603	8121.90674603175	33344.5119047619	79157.8527777778	14196.503968254	13307.0615079365	7672.6	12853.8293650794
"ko00790"	68256.2551587302	66814.7112193362	56775.3949494949	80661.6957070707	76838.6694444444	104062.727380952	269120.947222222	450533.944444444	142694.1	120733.834126984	58326.325	106395.602777778
"ko00791"	5145.59523809524	3065.8	3352.28571428571	2480.89285714286	4653.48571428571	13372.9738095238	29242.3928571429	6348.33333333333	17797.830952381	7715.85238095238	3384.25	2317.20238095238
"ko00830"	5199.37261904762	5243.38683261183	4549.57453102453	5766.77362914863	4612.10912698413	7451.64325396825	26366.0753968254	41517.5861111111	9463.9630952381	8652.14126984127	3741.4	8386.72857142857
"ko00860"	52597.3829365079	57791.918001443	37326.5521284271	65412.5102813853	53652.4801587302	72591.7670634921	255041.095634921	466201.727777778	177909.825396825	119973.776984127	39168.7083333333	101657.535714286
"ko00900"	65448.3845238095	63074.8324675325	51694.5288961039	74659.9383116883	73873.7523809524	79271.3353174603	213144.367857143	407628.588888889	105184.625396825	87890.5599206349	49193.9833333333	86914.9134920635
"ko00901"	6.33333333333333	3	0	7.5	0	1	0	0	137	912.333333333333	0	0
"ko00902"	0	0	0	0	0	0	6	0	0	0	0	0
"ko00903"	122.131746031746	81.5504329004329	25.3992424242424	235.00505050505	4.75833333333333	38.2428571428571	28086.5666666667	38676.8	26655.3444444444	8249.31428571428	518.966666666667	208.158333333333
"ko00906"	1046.09126984127	530.619047619048	1059.125	1251.73611111111	2461.31944444444	334.369047619048	3678.525	256.55	2666.19444444444	2968.42857142857	767.875	4634.83333333333
"ko00908"	6837.88452380952	6516.9553030303	5356.73387445887	8531.67893217893	8828.1869047619	9355.58571428571	17210.6392857143	41088.9111111111	7791.94365079365	8381.75079365079	5350.94166666667	9476.17579365079
"ko00909"	0	2	2	5	0	0	0	0	2	4.5	5	32.5
"ko00910"	46390.3722222222	47725.8409090909	37176.2492424242	54869.0328282828	49977.7861111111	54246.5888888889	161903.65	244933.294444444	95407.0666666667	74634.1638888889	31848.7333333333	59995.0305555556
"ko00920"	38304.9638888889	37135.7622655123	31427.419011544	45973.617965368	37755.8071428571	45300.6996031746	301473.33968254	210047.027777778	173168.587301587	106250.600793651	29748.1416666667	75022.6988095238
"ko00930"	103.603968253968	58.4595238095238	18.2666666666667	83.3888888888889	6.55	35.4095238095238	43949.4333333333	38626.0666666667	25221.5888888889	8329.83095238095	21.3	35.0333333333333
"ko00940"	1742.42023809524	1009.4619047619	1185.08333333333	2469.55555555556	3485.32777777778	638.145238095238	39911.775	225306.016666667	8716.66666666667	4708.95952380952	1032.83333333333	4206.25
"ko00941"	6	1	1	5	1	0	0	0	2.25	2.25	1.25	12.25
"ko00943"	0	0.363636363636364	0.363636363636364	0.909090909090909	0	0	0	0	0	0	0	0
"ko00944"	3.06666666666667	1.13333333333333	1.66666666666667	0.666666666666667	2.33333333333333	8.46666666666667	3.46666666666667	5.86666666666667	0.733333333333333	2.53333333333333	1	0
"ko00945"	6	1	1	5	1	0	0	0	2.25	2.25	1.25	12.25
"ko00950"	1632.6253968254	1589.39567099567	674.711147186147	4861.08044733045	4523.00357142857	4702.69047619048	43045.3142857143	150208.766666667	13746.2436507937	10354.969047619	2858.16666666667	9384.02023809524
"ko00960"	5934.90634920635	5537.6420995671	3973.72305194805	10163.9336219336	9122.79880952381	11841.2115079365	55553.0535714286	153030.569444444	28285.4373015873	17630.0353174603	6041.94166666667	15744.0793650794
"ko00965"	583.115873015873	628.601731601732	169.155303030303	635.214646464646	1208.70833333333	2010.75476190476	15092.4666666667	37543.1	4697.68888888889	3501.49880952381	436.166666666667	1077.79166666667
"ko00966"	5767.86785714286	5705.68863636364	4710.88387445887	5270.76226551227	4415.62857142857	7460.50793650794	10570.630952381	3478.56111111111	7331.66031746032	7686.05912698413	3576.88333333333	6894.49246031746
"ko00970"	484492.762301587	477887.427633478	392334.502236652	551478.307178932	534051.313095238	520130.358333333	1430163.43015873	2696585.70555556	651289.11468254	619294.736111111	346940.733333333	659295.293650794
"ko00980"	4762.25753968254	4763.95111832612	4538.7531024531	5431.79347041847	3712.70436507937	6480.21825396825	95815.223015873	3868.50277777778	23444.3900793651	16405.1996031746	4244.23333333333	8453.24047619048
"ko00981"	46.3944444444444	40.0242424242424	14.7992424242424	189.949494949495	2.60833333333333	11.1	7874.66666666667	37627.4666666667	6910.15555555556	2354.78333333333	506.666666666667	195.458333333333
"ko00982"	4762.89087301587	4764.67839105339	4539.48037518037	5434.02831890332	3712.70436507937	6480.51825396825	96334.4896825397	3922.10277777778	23855.0234126984	16900.4662698413	4244.23333333333	8453.24047619048
"ko00983"	50808.8607142857	46438.9369408369	38328.5044011544	54880.9673520924	57903.1523809524	71541.8948412698	216749.137301587	404469.505555556	64712.0448412698	62977.6742063492	38932.4166666667	59051.5829365079
"ko00984"	0.666666666666667	1.1	4	0.833333333333333	0.4	1.4	6761.2	38908.2	18839.1333333333	768.6	0	0
"ko00999"	10757.0845238095	9926.88787878788	8759.99145021645	10734.2395382395	12135.8341269841	15225.2273809524	51229.5476190476	194001.838888889	17057.9492063492	14841.023015873	7579.30833333333	14017.9813492063
"ko01040"	11334.194047619	11476.5995670996	9373.32813852814	12829.1239177489	10005.8412698413	10925.6087301587	129887.526190476	156932.944444444	45431.4865079365	26951.5686507936	8875.50833333333	15894.7829365079
"ko01051"	5434.99880952381	4932.17489177489	4415.21417748918	6164.17135642136	7111.74523809524	9242.38888888889	23426.2142857143	77638.7111111111	6634.96031746032	8972.28055555556	4956.94166666667	8847.74246031746
"ko01053"	7181.57142857143	9386.28538961039	8539.66872294372	8883.37716450216	6135.49523809524	3563.77261904762	9710.54761904762	39337.425	12865.6797619048	12517.4214285714	4382.25833333333	6151.9619047619
"ko01054"	1607.39087301587	1356.37781385281	1304.40281385281	1499.99711399711	2298.20357142857	1989.10873015873	1981.96428571429	491.95	3822.31031746032	2303.5380952381	1837.41666666667	2248.29523809524
"ko01055"	6182.22619047619	5921.22196969697	5303.60887445887	7433.76226551227	6675.6869047619	7212.91904761905	17062.0642857143	41096.2444444444	9009.11031746032	9512.87579365079	4322.275	10213.5091269841
"ko01057"	0.666666666666667	0.5	0	0.833333333333333	0	0	0	0	0.333333333333333	0	0	0
"ko01059"	0	0	0	0	0	0	31.6	53.6	0	1	0	0
"ko01062"	525.68253968254	264.738095238095	570	967.847222222222	1247.69444444444	191.863095238095	1574.24166666667	132.85	2555.63888888889	2776.23214285714	575.125	4332.20833333333
"ko01100"	2268352.44206349	2144578.57972583	1773505.42059885	2494125.15764791	2514076.50039683	2941138.66071429	7811251.62103175	17203798.9555556	3897526.68293651	3310949.80634921	1634474.10833333	3097937.75595238
"ko01110"	1036597.41468254	991047.092821068	823463.665836941	1128934.95526696	1105009.30119048	1331789.36785714	3453895.07698413	7611522.75277778	1691235.40714286	1498727.26984127	731797.958333333	1399061.15396825
"ko01120"	554570.783730159	526902.939646465	438499.021392496	610082.608044733	604123.90952381	680288.753571428	2270656.99920635	4795570.95	1207625.82380952	909253.48452381	397966.933333333	779069.678968254
"ko01130"	815920.60515873	776101.736147186	652592.154004329	873279.721320346	866485.11031746	1032146.34285714	2632197.02738095	5813099.36666667	1312798.41746032	1168723.70595238	567947.616666667	1079050.13809524
"ko01200"	331400.246031746	317094.343109668	263530.198665224	379646.342893218	371043.131746032	413166.776984127	1251562.43253968	2946374.56388889	599430.148809524	512735.584920635	252312.741666667	484191.748412698
"ko01210"	93857.071031746	86970.8298701299	74265.6227272727	90474.029040404	86749.9222222222	141950.36547619	318213.533333333	475060.166666667	150003.777777778	142667.560714286	59742.9916666667	128274.875
"ko01212"	67502.4888888889	64199.2345238095	54461.2464285714	74568.5079365079	73294.6603174603	85531.0571428571	426621.069047619	1128773.53611111	185884.245238095	128086.699603175	53489.4166666667	97409.3603174603
"ko01220"	19472.1718253968	16819.2486652237	15838.4204906205	17084.6524170274	21711.1535714286	26613.8452380952	141177.211507937	89491.8833333333	96726.5408730159	46882.1095238095	11497.6	26971.8924603175
"ko01230"	533903.300793651	496693.977128427	420674.122763348	538518.026154401	556806.06468254	746951.815873016	1538816.86150794	2975817.04722222	742231.290873016	721833.684920635	358231.7	679255.053571429
"ko01501"	71757.4880952381	64056.2600649351	51818.4136363636	71079.6313131313	83651.9861111111	106400.768650794	168365.466666667	380916.044444444	90945.5055555556	83911.9376984127	49821.7916666667	86568.9805555556
"ko01502"	41918.9849206349	39258.6953823954	33286.4092712843	44091.2027417027	46638.478968254	54980.2742063492	88713.7658730159	211280.258333333	45386.6988095238	48347.8321428571	29817.0666666667	50922.678968254
"ko01503"	35146.2924603175	28912.2560966811	27866.5580808081	37506.0757575758	44707.8222222222	61892.5535714286	141590.486111111	399869.711111111	102622.494444444	76641.2150793651	31512.275	65559.55
"ko01523"	32608.7781746032	31145.0265151515	26479.9443722944	36228.3807720058	37055.628968254	41858.0146825397	86596.7047619048	205121.097222222	40307.4626984127	39845.978968254	23520.9416666667	40573.8206349206
"ko01524"	8618.46111111111	7397.49458874459	7216.62911255411	7475.36544011544	9552.79047619048	11577.1523809524	101154.411904762	79887.9861111111	26545.1706349206	18240.7924603175	5990.65833333333	9040.6126984127
"ko02010"	463982.478571429	424097.320959596	360702.451118326	425268.479978355	474547.541269841	615241.737698413	914230.640079365	1281742.20277778	907145.425396825	660883.549603175	330050.133333333	496767.38015873
"ko02020"	179961.46468254	167765.523665224	144219.482395382	167797.338924964	172076.051587302	222576.186507936	807310.792460317	1268344.96111111	635041.05952381	380067.48531746	116163.533333333	188249.468253968
"ko02024"	269082.175793651	248099.158766234	212209.364718615	247170.641955267	268834.021031746	352282.636507936	559081.345238095	872468.880555556	379498.706746032	325451.265873016	174899.375	276561.926587302
"ko02025"	18667.1523809524	16438.8875901876	15171.7979076479	17700.9034992785	19138.7178571429	25074.1944444444	153019.432539683	86048.0027777778	166277.982142857	103887.355555556	12533.425	19880.8261904762
"ko02026"	32724.9630952381	29667.0754689755	26084.8845959596	34347.0934343434	33789.925	48248.7797619048	195397.877777778	322222.258333333	106632.644444444	72323.4488095238	26886.5833333333	38597.0611111111
"ko02030"	5436.82619047619	4907.49729437229	2391.04729437229	6662.34145021645	4019.04325396825	4707.64523809524	44701.8869047619	39673.125	126160.73452381	63937.1428571429	4341.35	5635.47380952381
"ko02040"	1158.52261904762	660.426406926407	325.178787878788	1935.44696969697	1568.975	1624.48095238095	43051.8166666667	37698.2	109005.833333333	42218.9964285714	1057.00833333333	2174.38333333333
"ko02060"	182259.455555556	162748.044264069	153859.107359307	140390.6751443	198262.753571429	194112.778968254	116386.505952381	99408.8861111111	100359.229761905	134303.903174603	88639.625	121788.425793651
"ko03008"	8447.46071428571	8488.16363636364	7228.42911255411	9902.47655122655	8512.09880952381	9251.2130952381	26118.9869047619	41624.2777777778	16896.7650793651	14193.4126984127	6720.36666666667	12888.8876984127
"ko03010"	426789.41468254	407616.243650794	344227.790873016	474096.285714286	479992.488095238	537191.194047619	1126054.36349206	2284319.14444444	520020.850793651	534522.550793651	322484.925	570500.613095238
"ko03013"	8440.99325396825	7132.73203463203	6697.71774891775	7673.08008658009	9766.79880952381	12518.3928571429	32129.7619047619	80894.0222222222	10260.8761904762	9803.10873015873	5828.75833333333	9215.50158730159
"ko03018"	74638.5817460317	71671.3294733045	61137.8005050505	83451.6818181818	83797.6138888889	94482.2761904762	221821.652777778	563926.119444444	102176.761111111	98954.7281746032	56633.2583333333	99246.0666666667
"ko03020"	30326.4186507937	28572.1181818182	24457.5574675325	30407.5414862915	32128.6892857143	39404.2178571429	64444.8321428571	129509.805555556	33918.9079365079	34495.3920634921	21243.1666666667	36070.9503968254
"ko03022"	514.4	404.7	96.6	407	38	70.1	38.6	266.4	10.4	97.1	54.8	95.2
"ko03030"	97721.5099206349	93782.5527417027	79357.9106782107	105924.604076479	106838.004365079	125416.528968254	270793.923015873	728263.238888889	123486.878968254	125554.417063492	70763.2583333333	127804.537698413
"ko03050"	2242.73333333333	2495.4	1841.93333333333	2310.33333333333	1059.8	545.066666666667	365.133333333333	835.933333333333	1391.73333333333	1934.26666666667	870.133333333333	1262.2
"ko03060"	102754.361904762	98204.3842712843	82462.9513347763	107076.532106782	105480.321031746	130183.811507936	270652.725793651	581735.955555556	122045.50952381	125279.749206349	72473.1166666667	130355.81547619
"ko03070"	85330.3	82501.9823232323	68568.3434343434	90763.6224747475	85559.0916666667	108762.322222222	356395.272222222	533837.797222222	168791.258333333	163460.969444444	62895.2416666667	120151.6
"ko03320"	13297.4238095238	14782.2634199134	11856.7622294372	18784.7160894661	13030.2301587302	7175.43015873016	68307.3345238095	117577.35	29096.480952381	25915.7702380952	10508.7083333333	18076.0773809524
"ko03410"	65325.6253968254	61914.0296536797	54241.937987013	70202.2943722944	72092.8801587302	79216.5928571429	188604.717857143	521974.475	88699.0031746032	89340.6809523809	46710.6	87418.594047619
"ko03420"	53086.3456349206	51886.5252525253	43724.276046176	60904.9718614719	59895.1841269841	65522.2523809524	137082.350396825	364177.236111111	60589.276984127	69024.1424603175	40294.3083333333	70457.3619047619
"ko03430"	107147.111111111	101515.940079365	85155.4742063492	118550.799603175	122275.451984127	145897.121031746	284224.113492063	733859.652777778	137829.484126984	138825.016269841	83519	144632.696428571
"ko03440"	131756.864285714	126190.881746032	106681.083730159	147487.954365079	147361.280952381	171783.552380952	384763.726587302	896328.161111111	170605.960714286	172514.234126984	101489.2	180469.272619048
"ko03450"	3.6	2.56363636363636	20.3636363636364	4.65909090909091	1.68888888888889	3.4	31362.2	187465.8	3156.63333333333	2442.43333333333	0	2.66666666666667
"ko04011"	1131.90952380952	1041.58787878788	603.733116883117	1669.68398268398	902.453571428571	1730.61071428571	21093.205952381	75542.3333333333	13995.2214285714	6871.44523809524	1300.75833333333	4002.12857142857
"ko04013"	6408.70952380952	6127.95757575758	5260.56948051948	6118.66378066378	5925.86468253968	7834.69126984127	32098.505952381	78556.0277777778	10664.5603174603	8915.21746031746	4526.84166666667	7795.28412698413
"ko04016"	12562.1035714286	10462.8734848485	9883.36753246753	11289.4585137085	14230.7857142857	19583.7126984127	55919.1595238095	157778.447222222	28524.1753968254	21061.7801587302	8980.925	18007.0384920635
"ko04020"	0	0	2	0	0	0	0	2	0	0	0	8
"ko04024"	0.3	0.6	0	0	0.4	1.7	62.2666666666667	53.6	344.8	39.1	0	0
"ko04066"	25385.9154761905	24895.2479437229	22385.766991342	24799.2518037518	25021.6432539683	29312.6123015873	61110.3702380952	164372.011111111	26470.9650793651	28322.2531746032	16565.9916666667	27409.821031746
"ko04068"	9307.35238095238	9288.74545454545	7621.23593073593	9718.6810966811	7850.31825396825	10045.5686507936	62521.8119047619	154621.261111111	26042.5150793651	17634.9293650794	6661.73333333333	12996.6126984127
"ko04070"	12357.698015873	11054.0106060606	9203.32965367965	13097.0443722944	11805.4718253968	14917.0293650794	45174.4095238095	82335.2222222222	23515.2142857143	20094.0468253968	9228.475	20257.0634920635
"ko04071"	1104.33333333333	1539.66666666667	1417.66666666667	1178.33333333333	696.333333333333	152.333333333333	300.666666666667	199	1272	1335.5	534.333333333333	691.333333333333
"ko04072"	73.5428571428571	45.45	179.045238095238	764.380952380952	120.495238095238	179.494047619048	14923.930952381	37562.35	4840.0380952381	3248.90357142857	977.716666666667	3081.19523809524
"ko04080"	509.677777777778	268.263636363636	496.863636363636	280.214646464646	1223.36944444444	141.016666666667	1151.625	30	585.355555555556	1138.30833333333	193.875	315.583333333333
"ko04112"	65805.801984127	62642.7462121212	52354.8271645022	73638.5768398268	75348.5142857143	87574.1456349206	202859.757142857	448095.502777778	93125.3190476191	86968.6698412698	50792.3333333333	90032.2031746032
"ko04113"	2335.4	2431.03333333333	2259.43333333333	2343.66666666667	2235.75	633.433333333333	10358.3333333333	674.6	1528.65	2114.76666666667	1102.13333333333	1646.45
"ko04115"	637.516666666667	511	130.333333333333	740.833333333333	317.666666666667	306.183333333333	7899.35	37671	3484.96666666667	1619.35	281	461.666666666667
"ko04122"	32971.6531746032	33357.3453463203	29352.7893939394	34264.3901515152	29215.6055555556	35503.5559523809	139772.691666667	204370.394444444	78298.6833333333	57302.626984127	28612.3	38001.8305555556
"ko04138"	1751.44444444444	2107.79696969697	1757.0303030303	2057.29797979798	1022.84444444444	477.066666666667	6572.93333333333	37982.6	1553.13888888889	1853.08333333333	1311.25	1326.91666666667
"ko04141"	702.528174603175	568.004509379509	367.572763347763	2835.48448773449	3183.96746031746	2239.20158730159	27330.6365079365	112921.061111111	3785.97698412698	2270.89126984127	1676.93333333333	2262.26468253968
"ko04142"	3947.27619047619	3741.79285714286	1853.53333333333	8415.5	8048.73611111111	5189.68452380952	31323.1583333333	188858.941666667	1197.53333333333	2759.19761904762	2878.01666666667	5265.06666666667
"ko04146"	22807.5329365079	22205.4206709957	18306.5420995671	28246.1875901876	23301.2400793651	25813.6472222222	157913.938095238	387613.158333333	57660.5015873016	44716.725	16958.425	35761.4928571429
"ko04151"	2076.30595238095	2391.37142857143	1937.37857142857	3515.88095238095	2570.26468253968	1399.63214285714	24013.9309523809	38169.15	4693.1880952381	3636.37738095238	1994.025	2511.72857142857
"ko04152"	7274.31904761905	6864.53863636364	5556.16244588745	8253.22655122655	7786.82380952381	9055.82976190476	49308.9035714286	78723.7444444444	7996.18174603175	8912.42936507936	5946.98333333333	9476.9376984127
"ko04210"	451.283333333333	373.875	52	2533.75	3368.75	2031.2	16559.4666666667	37462.1666666667	4402.23333333333	3030.75833333333	702.125	1560
"ko04211"	7540.61904761905	7169.54545454545	5864.3025974026	7788.34776334776	6828.31825396825	9565.30198412698	53191.7119047619	154098.361111111	24659.7817460317	15786.6626984127	5827.6	11797.4126984127
"ko04212"	31500.8281746032	30575.7888888889	26146.6956349206	33044.251984127	31976.8956349206	39837.523015873	123910.849206349	279726.811111111	51023.7099206349	44288.0650793651	22603.2833333333	40135.0261904762
"ko04213"	12537.3694444444	12320.4608225108	10719.3917748918	15070.5191197691	12911.5079365079	11814.7507936508	94836.3345238095	230559.127777778	34451.4587301587	25329.4650793651	10223.9333333333	21855.8912698413
"ko04214"	4581.94642857143	3976.70425685426	3806.19671717172	4451.73484848485	6647.33888888889	6542.36031746032	26751.5611111111	77256.65	12052.6111111111	7827.40714285714	2799.94166666667	3850.46944444444
"ko04215"	49.1833333333333	27	4	57.5	0	7.85	7892.35	37461	3393.63333333333	1159.68333333333	0	0
"ko04216"	7080.28015873016	7856.44242424242	6115.29956709957	13332.3124098124	9763.20992063492	5407.6630952381	22632.1702380952	77420.575	15755.7484126984	15174.0404761905	6727.73333333333	14062.5904761905
"ko04217"	21442.8761904762	20085.8137806638	16536.7157647908	23373.3221500721	23545.2496031746	29374.7242063492	69949.178968254	125293.491666667	39756.3753968254	30852.3071428571	14489.9333333333	23851.0468253968
"ko04260"	106.233333333333	51.5	176	1477.91666666667	71.25	114.9	2736.9	227.25	13918.9166666667	8584.25	798.75	8162.75
"ko04612"	309.572619047619	272.171428571429	180.445238095238	1585.54761904762	1548.26468253968	919.365476190476	14683.830952381	37646.25	3310.45476190476	1788.11071428571	1159.89166666667	1312.52857142857
"ko04614"	262.4	203.075	102.1	1659.5	1472.25	790.1	22002.7666666667	75037.3166666667	1702.9	1998.225	644.675	3531.45
"ko04621"	11266.0492063492	10637.2902597403	8409.72835497836	12220.2593795094	12164.171031746	15614.5821428571	52044.7202380952	119032.211111111	15331.703968254	14074.8996031746	8209.475	13147.2293650794
"ko04622"	49.1380952380952	76.5987012987013	80.6439393939394	71.2348484848485	37.0833333333333	51.5380952380952	333.983333333333	97.0916666666667	30.2333333333333	39.3904761904762	55.625	33
"ko04626"	5109.27976190476	5350.93798701299	4474.16774891775	7460.35786435786	5358.42380952381	3138.30158730159	43303.7869047619	114451.466666667	19587.7761904762	13109.0773809524	5203.60833333333	10527.6071428571
"ko04657"	309.572619047619	272.171428571429	180.445238095238	1585.54761904762	1548.26468253968	919.365476190476	14683.830952381	37646.25	3310.45476190476	1788.11071428571	1159.89166666667	1312.52857142857
"ko04659"	309.572619047619	272.171428571429	180.445238095238	1585.54761904762	1548.26468253968	919.365476190476	14683.830952381	37646.25	3310.45476190476	1788.11071428571	1159.89166666667	1312.52857142857
"ko04714"	7082.6246031746	7891.40681818182	6546.43896103896	13619.4942279942	8338.97380952381	4769.7130952381	36533.7119047619	78063.8333333333	41659.9373015873	28450.8654761905	7063.70833333333	21428.1571428571
"ko04724"	9931.96150793651	10425.7873376623	8819.61948051948	11947.4137806638	10844.8507936508	10266.1571428571	20399.1726190476	42008.4777777778	28591.5547619048	18703.2162698413	6989.75833333333	11782.1841269841
"ko04726"	6.96666666666667	3.72727272727273	0.727272727272727	9.73484848484848	0	1.3	519.266666666667	53.6	547.633333333333	1407.6	0	0
"ko04727"	9953.22817460317	10462.7206709957	8839.55281385281	11971.4137806638	10847.1174603175	10271.8654761905	20487.7392857143	42081.8944444444	30737.1380952381	18845.9829365079	7038.025	11847.6174603175
"ko04728"	6.96666666666667	3.72727272727273	0.727272727272727	9.73484848484848	0	1.3	519.266666666667	53.6	547.633333333333	1407.6	0	0
"ko04910"	10865.7988095238	10082.6542568543	8242.22052669553	11164.4134199134	10033.4904761905	13006.3567460317	33644.0313492063	81817.3861111111	11795.2761904762	12599.7031746032	7182.54166666667	11172.4071428571
"ko04914"	309.572619047619	272.171428571429	180.445238095238	1585.54761904762	1548.26468253968	919.365476190476	14683.830952381	37646.25	3310.45476190476	1788.11071428571	1159.89166666667	1312.52857142857
"ko04915"	309.572619047619	272.171428571429	180.445238095238	1585.54761904762	1548.26468253968	919.365476190476	14683.830952381	37646.25	3310.45476190476	1788.11071428571	1159.89166666667	1312.52857142857
"ko04916"	2.69444444444444	1.33333333333333	0	3.05555555555556	0	0.25	0	0	562.388888888889	1001.08333333333	0	0
"ko04917"	4145.82341269841	3512.04166666667	3344.49523809524	2974.13095238095	4159.04801587302	5875.61071428571	7510.74761904762	40424.1277777778	1314.2380952381	2859.59246031746	2637.56666666667	2849.71746031746
"ko04918"	9136.71904761905	7626.33704906205	6756.22831890332	9976.20670995671	14023.0619047619	14623.2119047619	45691.8670634921	43046.4944444444	16319.0880952381	11955.9484126984	6269.2	10876.6869047619
"ko04919"	0	0.363636363636364	0.363636363636364	0.909090909090909	0	0	107.55	53.6	0	1	0	0
"ko04920"	8563.69206349206	9752.65811688312	7695.52835497836	13904.2871572872	9270.64047619048	5066.48333333333	31803.8119047619	77860.85	16977.9817460317	16671.7	7061.49166666667	14354.9571428571
"ko04922"	42332.2873015873	39842.1054473304	35006.4074314574	37186.8221500721	40734.1607142857	52382.8408730159	51212.5873015873	176682.944444444	27414.6031746032	37562.246031746	24874.65	35329.569047619
"ko04924"	0	0	0	0	0	0	493	0	0	0	0	0
"ko04930"	6654.46428571429	6350.89036796537	5346.09751082251	7296.33802308802	7380.3119047619	8636.66547619048	8707.13928571429	41010.2444444444	8658.57698412698	9144.79126984127	4980.81666666667	8683.50912698413
"ko04931"	14617.3376984127	13607.3042568543	11216.0621933622	15002.2467532468	14714.7293650794	20020.3817460317	35131.1396825397	84107.6638888889	16766.6095238095	16978.5670634921	9711.48333333333	14590.3376984127
"ko04932"	155.416666666667	78.5	180	1535.41666666667	71.25	122.75	10629.25	37688.25	17312.55	9743.93333333333	798.75	8162.75
"ko04934"	2376.89563492063	2728.47196969697	2067.64220779221	3374.5955988456	1871.33134920635	2141.97182539683	16250.3642857143	38085.4	9527.61031746032	6418.2369047619	2635.46666666667	5329.87857142857
"ko04940"	7862.66785714286	8039.31363636364	6985.36720779221	8556.76226551227	8087.8869047619	8799.97738095238	17632.2892857143	41428.6111111111	11503.4603174603	9685.69246031746	5573.26666666667	9456.09246031746
"ko04964"	3964.37142857143	4730.36536796537	3652.67727272727	4121.2904040404	2502.72222222222	2200.24642857143	27112.3666666667	1086.81666666667	5550.03333333333	4724.03214285714	1862.31666666667	3008.3
"ko04973"	4318.71865079365	3777.6933982684	2863.77196969697	4346.49242424242	4608.11666666667	6656.27698412698	18800.1	115450.861111111	1215.2	2972.17103174603	2381.08333333333	3424.86388888889
"ko04974"	416.5	338.75	69	2517.5	2897	1490.5	12391.9	74979.25	166.5	519.75	754.25	1635
"ko04978"	162.62619047619	171.095779220779	366.012445887446	1316.920995671	781.176587301587	981.036904761905	9161.14523809524	113.333333333333	8307.69285714286	3995.11785714286	2232.125	3694.81547619048
"ko04979"	509.677777777778	268.263636363636	496.863636363636	280.214646464646	1223.36944444444	141.016666666667	1151.625	30	585.355555555556	1138.30833333333	193.875	315.583333333333
"ko05010"	8982.13928571429	8703.9487012987	7783.48917748918	11207.9213564214	9441.36468253968	9157.63214285714	37078.2642857143	79271.5611111111	31089.3103174603	22361.5996031746	6805.175	20624.1674603175
"ko05012"	155.416666666667	78.5	180	1535.41666666667	71.25	122.75	10629.25	37688.25	17312.55	9743.93333333333	798.75	8162.75
"ko05014"	1235.81428571429	1107.45627705628	677.73841991342	2221.34307359307	927.123015873016	1777.52380952381	44132.2726190476	150593.9	19031.5880952381	9781.87738095238	1614.14166666667	6752.95357142857
"ko05016"	6618.84761904762	6245.32597402597	5510.57478354978	8148.23953823954	6021.78412698413	7996.50436507936	57874.4726190476	153834.844444444	29619.8436507937	20409.8996031746	5638.975	18708.8591269841
"ko05020"	54.7214285714286	38.8683982683983	70.005303030303	494.159090909091	24.6694444444444	39.0630952380952	15146.7166666667	37590.5666666667	1642.73333333333	1750.74880952381	313.383333333333	2750.825
"ko05030"	6.96666666666667	3.72727272727273	0.727272727272727	9.73484848484848	0	1.3	519.266666666667	53.6	547.633333333333	1407.6	0	0
"ko05031"	6.96666666666667	3.72727272727273	0.727272727272727	9.73484848484848	0	1.3	519.266666666667	53.6	547.633333333333	1407.6	0	0
"ko05034"	6.96666666666667	3.72727272727273	0.727272727272727	9.73484848484848	0	1.3	519.266666666667	53.6	547.633333333333	1407.6	0	0
"ko05100"	1962.50198412698	1573.42395382395	1470.01641414141	1184.72853535354	1783.85833333333	4225.23531746032	565.819444444444	2032.58333333333	618.430555555556	1276.35714285714	1277.33333333333	1034.11111111111
"ko05110"	21.8	14.3333333333333	81.2916666666667	699.791666666667	33.625	47.55	70.125	93	2921.3	3549.26666666667	434.375	4022.66666666667
"ko05111"	31808.1916666667	30289.8235569986	24840.2394300144	34780.6928210678	36555.6591269841	36949.8817460317	254809.79484127	240643.252777778	100669.890873016	69011.7115079365	22963.1416666667	42111.998015873
"ko05120"	8553.25436507937	6641.30703463203	5861.80941558442	8308.6911976912	11533.5988095238	19118.0928571429	12984.4535714286	6991.76666666667	14256.4873015873	12561.4476190476	7115.95833333333	10635.1321428571
"ko05132"	2645.78531746032	3463.78917748918	3440.28084415584	4490.31024531025	2978.98968253968	1349.73928571429	21811.4642857143	798.633333333333	14523.1492063492	8991.92142857143	2445.20833333333	5404.30357142857
"ko05133"	737.242063492063	685.144588744589	556.680303030303	3832.88131313131	896.4	1761.56428571429	25534.3333333333	37859.9333333333	42612.7888888889	32021.7714285714	2336.15	19717.5666666667
"ko05134"	17597.0722222222	17635.5104978355	14427.9116883117	20498.1204906205	18747.3293650794	20293.419047619	63190.3785714286	158315.538888889	29901.9650793651	25337.9063492063	12468.4083333333	23880.4515873016
"ko05142"	1326.27142857143	1776.77142857143	1683.93333333333	1636.16666666667	986	427.638095238095	7592.13333333333	37793.7333333333	4451.98333333333	2948.58214285714	851.383333333333	1225.45
"ko05143"	1327.4880952381	1776.77142857143	1683.93333333333	1637	986	428.188095238095	15638.3	37794.9	7450.48333333333	4072.66547619048	851.383333333333	1225.45
"ko05145"	49.1833333333333	27	4	57.5	0	7.85	7892.35	37461	3393.63333333333	1159.68333333333	0	0
"ko05146"	724.154761904762	607.060064935065	130.488636363636	1757.15909090909	1481.31944444444	820.196428571429	6679.5	37724	92.6666666666667	494.482142857143	525.625	1005.20833333333
"ko05150"	22706.7944444444	18315.6984848485	17988.2651515152	14391.4267676768	23960.6388888889	36125.5777777778	10180.5166666667	17380.5833333333	9452.22222222222	14820.6666666667	12592.5833333333	13705.25
"ko05152"	20888.7952380952	19185.4517676768	17083.493037518	20973.7792207792	23594.9107142857	27976.5043650794	69621.1873015873	162270.858333333	28728.6087301587	26009.694047619	14465.2333333333	22363.0884920635
"ko05161"	49.1833333333333	27	4	57.5	0	7.85	7892.35	37461	3393.63333333333	1159.68333333333	0	0
"ko05163"	49.1833333333333	27	4	57.5	0	7.85	7892.35	37461	3393.63333333333	1159.68333333333	0	0
"ko05164"	55.1833333333333	32.5	6	67.5	0	10.35	7892.35	37465	3393.63333333333	1167.18333333333	11	25
"ko05165"	6636.83928571429	6342.26536796537	5339.59751082251	7283.83802308802	7377.6869047619	8607.66547619048	8707.13928571429	41006.2444444444	8651.32698412698	9134.79126984127	4955.56666666667	8649.75912698413
"ko05166"	509.677777777778	268.263636363636	496.863636363636	280.214646464646	1223.36944444444	141.016666666667	1151.625	30	585.355555555556	1138.30833333333	193.875	315.583333333333
"ko05167"	49.1833333333333	27	4	57.5	0	7.85	7892.35	37461	3393.63333333333	1159.68333333333	0	0
"ko05168"	49.1833333333333	27	4	57.5	0	7.85	7892.35	37461	3393.63333333333	1159.68333333333	0	0
"ko05170"	49.1833333333333	27	4	57.5	0	7.85	7892.35	37461	3393.63333333333	1159.68333333333	0	0
"ko05200"	6298.75793650794	6297.44527417027	4673.18773448773	7969.89790764791	6626.68571428571	9500.09761904762	123373.403968254	115818.783333333	32061.7531746032	20434.9380952381	6284.14166666667	9456.61349206349
"ko05203"	6636.83928571429	6342.26536796537	5339.59751082251	7283.83802308802	7377.6869047619	8607.66547619048	8707.13928571429	41006.2444444444	8651.32698412698	9134.79126984127	4955.56666666667	8649.75912698413
"ko05204"	216.572222222222	109.977922077922	241.095779220779	1061.36544011544	206.504365079365	336.560714285714	84964.7785714286	348.066666666667	18837.553968254	11087.9452380952	1541.61666666667	3275.81547619048
"ko05205"	6626.56785714286	6341.94696969697	5323.56720779221	7262.26226551227	7378.35357142857	8599.36904761905	17211.9226190476	41035.7944444444	7716.21031746032	8114.09246031746	4963.06666666667	8641.92579365079
"ko05206"	5830.84126984127	6872.18654401154	5538.9667027417	9621.46933621934	5745.77301587302	5251.14246031746	8489.45317460318	39809.6694444444	17396.726984127	15159.4984126984	4928.51666666667	18254.5563492063
"ko05210"	49.1833333333333	27	4	57.5	0	7.85	7892.35	37461	3393.63333333333	1159.68333333333	0	0
"ko05211"	2376.89563492063	2728.47196969697	2067.64220779221	3374.5955988456	1871.33134920635	2141.97182539683	16250.3642857143	38085.4	9527.61031746032	6418.2369047619	2635.46666666667	5329.87857142857
"ko05215"	309.572619047619	272.171428571429	180.445238095238	1585.54761904762	1548.26468253968	919.365476190476	14683.830952381	37646.25	3310.45476190476	1788.11071428571	1159.89166666667	1312.52857142857
"ko05219"	602.43253968254	491.754761904762	126.333333333333	693.888888888889	318.066666666667	302.679761904762	352.066666666667	263.6	127.472222222222	461.648809523809	281	461.666666666667
"ko05222"	49.1833333333333	27	4	57.5	0	7.85	7892.35	37461	3393.63333333333	1159.68333333333	0	0
"ko05225"	3563.10634920635	3269.80187590188	2421.10028860029	2952.25468975469	3207.08968253968	6430.91031746032	84546.8587301587	2626.13333333333	15830.0547619048	11068.9071428571	2488.78333333333	2814.20634920635
"ko05230"	37437.6698412698	36762.2451298701	32223.6415584416	35657.3697691198	35983.6448412698	39052.144047619	40425.5988095238	170359.863888889	32992.5079365079	38829.0063492063	24268.3	36260.2003968254
"ko05231"	74.5428571428571	46.2	179.670238095238	766.047619047619	124.370238095238	183.660714285714	14923.930952381	37562.35	4869.2880952381	3248.90357142857	977.716666666667	3083.4869047619
"ko05322"	14.4166666666667	3	1.25	16.6666666666667	1	6.25	0	0.75	9.58333333333333	2.5	7	36.25
"ko05340"	9437.51984126984	8791.70173160173	7012.33387445887	10122.4289321789	9481.85912698413	12940.4321428571	18185.8059523809	43969.6805555556	8515.76031746032	10931.7634920635	6465.81666666667	10486.5563492063
"ko05410"	0	0	0	0	0	0	493	0	0	0	0	0
"ko05416"	49.1833333333333	27	4	57.5	0	7.85	7892.35	37461	3393.63333333333	1159.68333333333	0	0
"ko05418"	18715.548015873	17031.6339105339	13530.5882756133	18836.6462842713	19781.0198412698	28955.5055555556	135180.509920635	124371.963888889	33711.5884920635	29459.3944444444	13284.5083333333	21558.4948412698
